       1   1.500000E+01   1.642924E-01   2.940000E+14
       2   1.385596E+01   2.276300E-01   3.418333E+14
       3   1.264066E+01   3.057628E-01   3.893333E+14
       4   1.209302E+01   3.960933E-01   4.365000E+14
       5   1.184546E+01   4.955664E-01   4.833333E+14
       6   1.174044E+01   6.010382E-01   5.298333E+14
       7   1.170668E+01   7.095751E-01   5.760000E+14
       8   1.170668E+01   8.186369E-01   6.218333E+14
       9   1.171793E+01   9.261592E-01   6.673333E+14
      10   1.172918E+01   1.030559E+00   7.125000E+14
      11   1.174044E+01   1.130697E+00   7.573333E+14
      12   1.174794E+01   1.225813E+00   8.018333E+14
      13   1.174794E+01   1.315457E+00   8.460000E+14
      14   1.174044E+01   1.399423E+00   8.898333E+14
      15   1.172543E+01   1.477687E+00   9.333333E+14
      16   1.170668E+01   1.550360E+00   9.765000E+14
      17   1.168417E+01   1.617643E+00   1.019333E+15
      18   1.165791E+01   1.679797E+00   1.061833E+15
      19   1.162416E+01   1.737121E+00   1.104000E+15
      20   1.159040E+01   1.789928E+00   1.145833E+15
      21   1.155664E+01   1.838538E+00   1.187333E+15
      22   1.151913E+01   1.883266E+00   1.228500E+15
      23   1.147787E+01   1.924415E+00   1.269333E+15
      24   1.143661E+01   1.962274E+00   1.309833E+15
      25   1.139910E+01   1.997116E+00   1.350000E+15
      26   1.135784E+01   2.029192E+00   1.389833E+15
      27   1.131658E+01   2.058739E+00   1.429333E+15
      28   1.127532E+01   2.085972E+00   1.468500E+15
      29   1.123406E+01   2.111091E+00   1.507333E+15
      30   1.119280E+01   2.134278E+00   1.545833E+15
      31   1.115154E+01   2.155698E+00   1.584000E+15
      32   1.111403E+01   2.175504E+00   1.621833E+15
      33   1.107277E+01   2.193835E+00   1.659333E+15
      34   1.103526E+01   2.210815E+00   1.696500E+15
      35   1.099775E+01   2.226560E+00   1.733333E+15
      36   1.096024E+01   2.241174E+00   1.769833E+15
      37   1.092273E+01   2.254752E+00   1.806000E+15
      38   1.088522E+01   2.267380E+00   1.841833E+15
      39   1.085146E+01   2.279136E+00   1.877333E+15
      40   1.081770E+01   2.290093E+00   1.912500E+15
      41   1.078395E+01   2.300314E+00   1.947333E+15
      42   1.075019E+01   2.309860E+00   1.981833E+15
      43   1.072018E+01   2.318785E+00   2.016000E+15
      44   1.068642E+01   2.327137E+00   2.049833E+15
      45   1.065641E+01   2.334962E+00   2.083333E+15
      46   1.062641E+01   2.342301E+00   2.116500E+15
      47   1.060015E+01   2.349192E+00   2.149333E+15
      48   1.057014E+01   2.355668E+00   2.181833E+15
      49   1.054389E+01   2.361762E+00   2.214000E+15
      50   1.051388E+01   2.367503E+00   2.245833E+15
