       1   1.500000E+01   1.674001E-01   2.977500E+14
       2   1.367217E+01   2.331670E-01   3.469375E+14
       3   1.253563E+01   3.143750E-01   3.960000E+14
       4   1.203301E+01   4.082459E-01   4.449375E+14
       5   1.181170E+01   5.114779E-01   4.937500E+14
       6   1.172543E+01   6.206626E-01   5.424375E+14
       7   1.170293E+01   7.326228E-01   5.910000E+14
       8   1.171043E+01   8.446202E-01   6.394375E+14
       9   1.172168E+01   9.544476E-01   6.877500E+14
      10   1.173668E+01   1.060435E+00   7.359375E+14
      11   1.174419E+01   1.161402E+00   7.840000E+14
      12   1.174794E+01   1.256591E+00   8.319375E+14
      13   1.174044E+01   1.345581E+00   8.797500E+14
      14   1.172918E+01   1.428215E+00   9.274375E+14
      15   1.170668E+01   1.504531E+00   9.750000E+14
      16   1.168042E+01   1.574707E+00   1.022438E+15
      17   1.165041E+01   1.639011E+00   1.069750E+15
      18   1.161665E+01   1.697773E+00   1.116938E+15
      19   1.157539E+01   1.751353E+00   1.164000E+15
      20   1.153413E+01   1.800124E+00   1.210938E+15
      21   1.148912E+01   1.844457E+00   1.257750E+15
      22   1.144411E+01   1.884714E+00   1.304438E+15
      23   1.139535E+01   1.921239E+00   1.351000E+15
      24   1.135034E+01   1.954357E+00   1.397438E+15
      25   1.130158E+01   1.984372E+00   1.443750E+15
      26   1.125281E+01   2.011561E+00   1.489938E+15
      27   1.120405E+01   2.036183E+00   1.536000E+15
      28   1.115529E+01   2.058474E+00   1.581938E+15
      29   1.110653E+01   2.078647E+00   1.627750E+15
      30   1.105776E+01   2.096899E+00   1.673438E+15
      31   1.101275E+01   2.113407E+00   1.719000E+15
      32   1.096399E+01   2.128331E+00   1.764438E+15
      33   1.091898E+01   2.141818E+00   1.809750E+15
      34   1.087397E+01   2.153999E+00   1.854938E+15
      35   1.082896E+01   2.164994E+00   1.900000E+15
      36   1.078770E+01   2.174910E+00   1.944938E+15
      37   1.074269E+01   2.183844E+00   1.989750E+15
      38   1.070143E+01   2.191887E+00   2.034438E+15
      39   1.066017E+01   2.199116E+00   2.079000E+15
      40   1.062266E+01   2.205605E+00   2.123438E+15
      41   1.058140E+01   2.211419E+00   2.167750E+15
      42   1.054389E+01   2.216617E+00   2.211938E+15
      43   1.050638E+01   2.221254E+00   2.256000E+15
      44   1.046887E+01   2.225378E+00   2.299938E+15
      45   1.043511E+01   2.229034E+00   2.343750E+15
      46   1.040135E+01   2.232261E+00   2.387438E+15
      47   1.036759E+01   2.235097E+00   2.431000E+15
      48   1.033383E+01   2.237576E+00   2.474438E+15
      49   1.030008E+01   2.239726E+00   2.517750E+15
      50   1.027007E+01   2.241577E+00   2.560938E+15
