       1   1.500000E+01   1.685280E-01   2.991000E+14
       2   1.360840E+01   2.351703E-01   3.487750E+14
       3   1.249812E+01   3.174791E-01   3.984000E+14
       4   1.201050E+01   4.126048E-01   4.479750E+14
       5   1.180045E+01   5.171507E-01   4.975000E+14
       6   1.172168E+01   6.276085E-01   5.469750E+14
       7   1.170293E+01   7.407106E-01   5.964000E+14
       8   1.171043E+01   8.536475E-01   6.457750E+14
       9   1.172543E+01   9.641622E-01   6.951000E+14
      10   1.174044E+01   1.070557E+00   7.443750E+14
      11   1.174794E+01   1.171643E+00   7.936000E+14
      12   1.174794E+01   1.266666E+00   8.427750E+14
      13   1.173668E+01   1.355222E+00   8.919000E+14
      14   1.172168E+01   1.437177E+00   9.409750E+14
      15   1.169917E+01   1.512595E+00   9.900000E+14
      16   1.167292E+01   1.581681E+00   1.038975E+15
      17   1.163916E+01   1.644733E+00   1.087900E+15
      18   1.159790E+01   1.702105E+00   1.136775E+15
      19   1.155664E+01   1.754183E+00   1.185600E+15
      20   1.151163E+01   1.801361E+00   1.234375E+15
      21   1.146662E+01   1.844031E+00   1.283100E+15
      22   1.141785E+01   1.882572E+00   1.331775E+15
      23   1.136534E+01   1.917341E+00   1.380400E+15
      24   1.131658E+01   1.948678E+00   1.428975E+15
      25   1.126407E+01   1.976896E+00   1.477500E+15
      26   1.121530E+01   2.002283E+00   1.525975E+15
      27   1.116279E+01   2.025104E+00   1.574400E+15
      28   1.111028E+01   2.045600E+00   1.622775E+15
      29   1.106152E+01   2.063993E+00   1.671100E+15
      30   1.100900E+01   2.080481E+00   1.719375E+15
      31   1.096024E+01   2.095244E+00   1.767600E+15
      32   1.091148E+01   2.108448E+00   1.815775E+15
      33   1.086647E+01   2.120238E+00   1.863900E+15
      34   1.081770E+01   2.130748E+00   1.911975E+15
      35   1.077269E+01   2.140099E+00   1.960000E+15
      36   1.072768E+01   2.148400E+00   2.007975E+15
      37   1.068267E+01   2.155747E+00   2.055900E+15
      38   1.063766E+01   2.162231E+00   2.103775E+15
      39   1.059640E+01   2.167930E+00   2.151600E+15
      40   1.055514E+01   2.172917E+00   2.199375E+15
      41   1.051388E+01   2.177257E+00   2.247100E+15
      42   1.047637E+01   2.181009E+00   2.294775E+15
      43   1.043511E+01   2.184227E+00   2.342400E+15
      44   1.039760E+01   2.186959E+00   2.389975E+15
      45   1.036009E+01   2.189248E+00   2.437500E+15
      46   1.032633E+01   2.191134E+00   2.484975E+15
      47   1.028882E+01   2.192654E+00   2.532400E+15
      48   1.025506E+01   2.193840E+00   2.579775E+15
      49   1.022131E+01   2.194722E+00   2.627100E+15
      50   1.018755E+01   2.195327E+00   2.674375E+15
