       1   5.613561E+00   2.106491E-01   2.181465E-01   6.000000E+14   2.094573E-01
       2   7.049205E+00   4.304998E-01   4.566385E-01   6.500000E+14   4.279821E-01
       3   7.896790E+00   6.229965E-01   6.737843E-01   7.000000E+14   6.192376E-01
       4   8.453345E+00   7.849091E-01   8.626986E-01   7.500000E+14   7.800318E-01
       5   8.838884E+00   9.197901E-01   1.024821E+00   8.000000E+14   9.139126E-01
       6   9.114912E+00   1.032262E+00   1.163662E+00   8.500000E+14   1.025488E+00
       7   9.315932E+00   1.126235E+00   1.282530E+00   9.000000E+14   1.118653E+00
       8   9.467447E+00   1.206224E+00   1.385992E+00   9.500000E+14   1.197905E+00
       9   9.579958E+00   1.273838E+00   1.475333E+00   1.000000E+15   1.264846E+00
      10   9.663966E+00   1.331471E+00   1.553038E+00   1.050000E+15   1.321858E+00
      11   9.726973E+00   1.381057E+00   1.621193E+00   1.100000E+15   1.370870E+00
      12   9.773477E+00   1.423836E+00   1.681106E+00   1.150000E+15   1.413113E+00
      13   9.806481E+00   1.460703E+00   1.733716E+00   1.200000E+15   1.449479E+00
      14   9.830483E+00   1.493136E+00   1.780810E+00   1.250000E+15   1.481439E+00
      15   9.845485E+00   1.521176E+00   1.822300E+00   1.300000E+15   1.509033E+00
      16   9.854486E+00   1.545881E+00   1.859506E+00   1.350000E+15   1.533315E+00
      17   9.857486E+00   1.567328E+00   1.892441E+00   1.400000E+15   1.554360E+00
      18   9.857486E+00   1.586595E+00   1.922516E+00   1.450000E+15   1.573243E+00
      19   9.852985E+00   1.603264E+00   1.949097E+00   1.500000E+15   1.589545E+00
      20   9.846985E+00   1.618410E+00   1.973631E+00   1.550000E+15   1.604337E+00
      21   9.837984E+00   1.631606E+00   1.995492E+00   1.600000E+15   1.617194E+00
      22   9.825983E+00   1.642924E+00   2.014742E+00   1.650000E+15   1.628187E+00
      23   9.813981E+00   1.653423E+00   2.032848E+00   1.700000E+15   1.638370E+00
      24   9.798980E+00   1.662169E+00   2.048473E+00   1.750000E+15   1.646813E+00
      25   9.785479E+00   1.670702E+00   2.063782E+00   1.800000E+15   1.655049E+00
      26   9.768977E+00   1.677590E+00   2.076731E+00   1.850000E+15   1.661652E+00
      27   9.752475E+00   1.683866E+00   2.088778E+00   1.900000E+15   1.667650E+00
      28   9.735974E+00   1.689572E+00   2.099975E+00   1.950000E+15   1.673084E+00
      29   9.717972E+00   1.694257E+00   2.109672E+00   2.000000E+15   1.677508E+00
      30   9.699970E+00   1.698446E+00   2.118614E+00   2.050000E+15   1.681442E+00
      31   9.683468E+00   1.702656E+00   2.127542E+00   2.100000E+15   1.685399E+00
      32   9.665467E+00   1.705947E+00   2.135101E+00   2.150000E+15   1.688445E+00
      33   9.645965E+00   1.708352E+00   2.141331E+00   2.200000E+15   1.690614E+00
      34   9.627963E+00   1.710857E+00   2.147658E+00   2.250000E+15   1.692885E+00
      35   9.609961E+00   1.713005E+00   2.153418E+00   2.300000E+15   1.694804E+00
      36   9.591959E+00   1.714817E+00   2.158642E+00   2.350000E+15   1.696392E+00
      37   9.573957E+00   1.716315E+00   2.163360E+00   2.400000E+15   1.697670E+00
      38   9.555956E+00   1.717515E+00   2.167597E+00   2.450000E+15   1.698655E+00
      39   9.537954E+00   1.718437E+00   2.171379E+00   2.500000E+15   1.699366E+00
      40   9.519952E+00   1.719096E+00   2.174731E+00   2.550000E+15   1.699818E+00
      41   9.503450E+00   1.719974E+00   2.178355E+00   2.600000E+15   1.700490E+00
      42   9.485449E+00   1.720151E+00   2.180908E+00   2.650000E+15   1.700468E+00
      43   9.468947E+00   1.720571E+00   2.183772E+00   2.700000E+15   1.700690E+00
      44   9.450945E+00   1.720320E+00   2.185605E+00   2.750000E+15   1.700246E+00
      45   9.434444E+00   1.720332E+00   2.187782E+00   2.800000E+15   1.700067E+00
      46   9.417942E+00   1.720156E+00   2.189639E+00   2.850000E+15   1.699703E+00
      47   9.401440E+00   1.719802E+00   2.191192E+00   2.900000E+15   1.699164E+00
      48   9.384939E+00   1.719280E+00   2.192457E+00   2.950000E+15   1.698460E+00
      49   9.368437E+00   1.718599E+00   2.193446E+00   3.000000E+15   1.697599E+00
      50   9.353435E+00   1.718218E+00   2.194839E+00   3.050000E+15   1.697040E+00
