       1   5.901590E+00   2.433070E-01   2.528885E-01   6.000000E+14   2.427596E-01
       2   7.259226E+00   4.673314E-01   4.974462E-01   6.500000E+14   4.662444E-01
       3   8.070807E+00   6.611305E-01   7.174622E-01   7.000000E+14   6.595439E-01
       4   8.604861E+00   8.229900E-01   9.075433E-01   7.500000E+14   8.209555E-01
       5   8.975398E+00   9.574466E-01   1.070225E+00   8.000000E+14   9.550123E-01
       6   9.240924E+00   1.069443E+00   1.209417E+00   8.500000E+14   1.066651E+00
       7   9.435944E+00   1.163485E+00   1.329192E+00   9.000000E+14   1.160368E+00
       8   9.578458E+00   1.242128E+00   1.431687E+00   9.500000E+14   1.238718E+00
       9   9.686469E+00   1.309431E+00   1.521277E+00   1.000000E+15   1.305750E+00
      10   9.765977E+00   1.366511E+00   1.598850E+00   1.050000E+15   1.362582E+00
      11   9.824483E+00   1.415367E+00   1.666576E+00   1.100000E+15   1.411209E+00
      12   9.867987E+00   1.457778E+00   1.726484E+00   1.150000E+15   1.453404E+00
      13   9.897990E+00   1.494177E+00   1.778911E+00   1.200000E+15   1.489603E+00
      14   9.918992E+00   1.526072E+00   1.825689E+00   1.250000E+15   1.521307E+00
      15   9.930993E+00   1.553511E+00   1.866742E+00   1.300000E+15   1.548568E+00
      16   9.936994E+00   1.577572E+00   1.903417E+00   1.350000E+15   1.572459E+00
      17   9.938494E+00   1.598840E+00   1.936434E+00   1.400000E+15   1.593565E+00
      18   9.935494E+00   1.617399E+00   1.965839E+00   1.450000E+15   1.611969E+00
      19   9.929493E+00   1.633837E+00   1.992390E+00   1.500000E+15   1.628259E+00
      20   9.920492E+00   1.648234E+00   2.016155E+00   1.550000E+15   1.642514E+00
      21   9.909991E+00   1.661167E+00   2.037908E+00   1.600000E+15   1.655310E+00
      22   9.896490E+00   1.672207E+00   2.057014E+00   1.650000E+15   1.666218E+00
      23   9.882988E+00   1.682419E+00   2.074953E+00   1.700000E+15   1.676301E+00
      24   9.866487E+00   1.690866E+00   2.090381E+00   1.750000E+15   1.684626E+00
      25   9.849985E+00   1.698601E+00   2.104776E+00   1.800000E+15   1.692241E+00
      26   9.831983E+00   1.705178E+00   2.117490E+00   1.850000E+15   1.698702E+00
      27   9.813981E+00   1.711139E+00   2.129288E+00   1.900000E+15   1.704550E+00
      28   9.795980E+00   1.716525E+00   2.140224E+00   1.950000E+15   1.709825E+00
      29   9.776478E+00   1.720886E+00   2.149644E+00   2.000000E+15   1.714079E+00
      30   9.758476E+00   1.725234E+00   2.159001E+00   2.050000E+15   1.718322E+00
      31   9.738974E+00   1.728629E+00   2.166935E+00   2.100000E+15   1.721615E+00
      32   9.719472E+00   1.731588E+00   2.174188E+00   2.150000E+15   1.724474E+00
      33   9.699970E+00   1.734138E+00   2.180799E+00   2.200000E+15   1.726926E+00
      34   9.680468E+00   1.736306E+00   2.186803E+00   2.250000E+15   1.728998E+00
      35   9.659466E+00   1.737639E+00   2.191539E+00   2.300000E+15   1.730238E+00
      36   9.639964E+00   1.739113E+00   2.196431E+00   2.350000E+15   1.731621E+00
      37   9.620462E+00   1.740271E+00   2.200810E+00   2.400000E+15   1.732688E+00
      38   9.600960E+00   1.741132E+00   2.204704E+00   2.450000E+15   1.733460E+00
      39   9.582958E+00   1.742182E+00   2.208827E+00   2.500000E+15   1.734422E+00
      40   9.563456E+00   1.742499E+00   2.211825E+00   2.550000E+15   1.734654E+00
      41   9.543954E+00   1.742568E+00   2.214410E+00   2.600000E+15   1.734639E+00
      42   9.525953E+00   1.742867E+00   2.217286E+00   2.650000E+15   1.734854E+00
      43   9.506451E+00   1.742481E+00   2.219107E+00   2.700000E+15   1.734388E+00
      44   9.488449E+00   1.742348E+00   2.221254E+00   2.750000E+15   1.734174E+00
      45   9.470447E+00   1.742016E+00   2.223062E+00   2.800000E+15   1.733762E+00
      46   9.452445E+00   1.741495E+00   2.224549E+00   2.850000E+15   1.733163E+00
      47   9.434444E+00   1.740798E+00   2.225730E+00   2.900000E+15   1.732388E+00
      48   9.416442E+00   1.739932E+00   2.226619E+00   2.950000E+15   1.731447E+00
      49   9.398440E+00   1.738907E+00   2.227232E+00   3.000000E+15   1.730347E+00
      50   9.381938E+00   1.738181E+00   2.228247E+00   3.050000E+15   1.729546E+00
