       1   5.994600E+00   2.544862E-01   2.648300E-01   6.000000E+14   2.542005E-01
       2   7.328233E+00   4.798246E-01   5.113435E-01   6.500000E+14   4.792677E-01
       3   8.127813E+00   6.738981E-01   7.321429E-01   7.000000E+14   6.730909E-01
       4   8.654366E+00   8.356374E-01   9.224936E-01   7.500000E+14   8.346064E-01
       5   9.020402E+00   9.700205E-01   1.085443E+00   8.000000E+14   9.687895E-01
       6   9.282928E+00   1.081962E+00   1.224879E+00   8.500000E+14   1.080552E+00
       7   9.473447E+00   1.175242E+00   1.343975E+00   9.000000E+14   1.173670E+00
       8   9.614462E+00   1.253856E+00   1.446666E+00   9.500000E+14   1.252137E+00
       9   9.720972E+00   1.321028E+00   1.536301E+00   1.000000E+15   1.319175E+00
      10   9.798980E+00   1.377901E+00   1.613794E+00   1.050000E+15   1.375923E+00
      11   9.855986E+00   1.426492E+00   1.681342E+00   1.100000E+15   1.424399E+00
      12   9.897990E+00   1.468595E+00   1.740996E+00   1.150000E+15   1.466395E+00
      13   9.926493E+00   1.504653E+00   1.793106E+00   1.200000E+15   1.502353E+00
      14   9.945995E+00   1.536182E+00   1.839517E+00   1.250000E+15   1.533787E+00
      15   9.957996E+00   1.563740E+00   1.880849E+00   1.300000E+15   1.561255E+00
      16   9.963996E+00   1.587907E+00   1.917782E+00   1.350000E+15   1.585336E+00
      17   9.963996E+00   1.608765E+00   1.950338E+00   1.400000E+15   1.606113E+00
      18   9.960996E+00   1.627409E+00   1.979960E+00   1.450000E+15   1.624680E+00
      19   9.953495E+00   1.643421E+00   2.006009E+00   1.500000E+15   1.640618E+00
      20   9.944495E+00   1.657889E+00   2.029961E+00   1.550000E+15   1.655015E+00
      21   9.932493E+00   1.670387E+00   2.051183E+00   1.600000E+15   1.667444E+00
      22   9.918992E+00   1.681488E+00   2.070452E+00   1.650000E+15   1.678479E+00
      23   9.903990E+00   1.691259E+00   2.087841E+00   1.700000E+15   1.688185E+00
      24   9.887489E+00   1.699760E+00   2.103416E+00   1.750000E+15   1.696625E+00
      25   9.870987E+00   1.707546E+00   2.117951E+00   1.800000E+15   1.704350E+00
      26   9.852985E+00   1.714171E+00   2.130799E+00   1.850000E+15   1.710917E+00
      27   9.833483E+00   1.719684E+00   2.142018E+00   1.900000E+15   1.716374E+00
      28   9.815482E+00   1.725114E+00   2.153079E+00   1.950000E+15   1.721748E+00
      29   9.795980E+00   1.729516E+00   2.162616E+00   2.000000E+15   1.726096E+00
      30   9.776478E+00   1.733417E+00   2.171384E+00   2.050000E+15   1.729945E+00
      31   9.755476E+00   1.736367E+00   2.178725E+00   2.100000E+15   1.732843E+00
      32   9.735974E+00   1.739364E+00   2.186086E+00   2.150000E+15   1.735790E+00
      33   9.716472E+00   1.741951E+00   2.192802E+00   2.200000E+15   1.738327E+00
      34   9.695470E+00   1.743675E+00   2.198209E+00   2.250000E+15   1.740003E+00
      35   9.675968E+00   1.745518E+00   2.203740E+00   2.300000E+15   1.741800E+00
      36   9.656466E+00   1.747024E+00   2.208725E+00   2.350000E+15   1.743258E+00
      37   9.635464E+00   1.747739E+00   2.212502E+00   2.400000E+15   1.743928E+00
      38   9.615962E+00   1.748630E+00   2.216486E+00   2.450000E+15   1.744774E+00
      39   9.596460E+00   1.749239E+00   2.220007E+00   2.500000E+15   1.745340E+00
      40   9.576958E+00   1.749585E+00   2.223090E+00   2.550000E+15   1.745642E+00
      41   9.557456E+00   1.749681E+00   2.225758E+00   2.600000E+15   1.745696E+00
      42   9.537954E+00   1.749543E+00   2.228033E+00   2.650000E+15   1.745516E+00
      43   9.518452E+00   1.749184E+00   2.229933E+00   2.700000E+15   1.745116E+00
      44   9.500450E+00   1.749076E+00   2.232158E+00   2.750000E+15   1.744967E+00
      45   9.480948E+00   1.748310E+00   2.233365E+00   2.800000E+15   1.744161E+00
      46   9.462946E+00   1.747814E+00   2.234927E+00   2.850000E+15   1.743626E+00
      47   9.444945E+00   1.747139E+00   2.236181E+00   2.900000E+15   1.742912E+00
      48   9.426943E+00   1.746296E+00   2.237142E+00   2.950000E+15   1.742030E+00
      49   9.408941E+00   1.745292E+00   2.237824E+00   3.000000E+15   1.740988E+00
      50   9.390939E+00   1.744137E+00   2.238239E+00   3.050000E+15   1.739796E+00
