       1   9.167417E+00   6.439126E-01   6.897428E-01   4.500000E+14   6.268263E-01
       2   1.037054E+01   9.711999E-01   1.068381E+00   5.000000E+14   9.442474E-01
       3   1.106211E+01   1.222755E+00   1.373370E+00   5.500000E+14   1.187386E+00
       4   1.148965E+01   1.416274E+00   1.617627E+00   6.000000E+14   1.373692E+00
       5   1.176718E+01   1.567902E+00   1.815949E+00   6.500000E+14   1.519027E+00
       6   1.194869E+01   1.687635E+00   1.977765E+00   7.000000E+14   1.633206E+00
       7   1.206871E+01   1.783895E+00   2.111877E+00   7.500000E+14   1.724482E+00
       8   1.214671E+01   1.862169E+00   2.224145E+00   8.000000E+14   1.798229E+00
       9   1.219472E+01   1.926281E+00   2.318750E+00   8.500000E+14   1.858193E+00
      10   1.222172E+01   1.979415E+00   2.399362E+00   9.000000E+14   1.907486E+00
      11   1.223372E+01   2.023889E+00   2.468712E+00   9.500000E+14   1.948374E+00
      12   1.223522E+01   2.061559E+00   2.529056E+00   1.000000E+15   1.982669E+00
      13   1.222772E+01   2.093248E+00   2.581307E+00   1.050000E+15   2.011175E+00
      14   1.221422E+01   2.120282E+00   2.627162E+00   1.100000E+15   2.035185E+00
      15   1.219472E+01   2.142927E+00   2.666864E+00   1.150000E+15   2.054957E+00
      16   1.217372E+01   2.162969E+00   2.702881E+00   1.200000E+15   2.072233E+00
      17   1.214821E+01   2.179592E+00   2.733961E+00   1.250000E+15   2.086215E+00
      18   1.212271E+01   2.194522E+00   2.762554E+00   1.300000E+15   2.098586E+00
      19   1.209421E+01   2.206905E+00   2.787372E+00   1.350000E+15   2.108509E+00
      20   1.206571E+01   2.217905E+00   2.810089E+00   1.400000E+15   2.117121E+00
      21   1.203720E+01   2.227648E+00   2.830873E+00   1.450000E+15   2.124542E+00
      22   1.200720E+01   2.235749E+00   2.849130E+00   1.500000E+15   2.130394E+00
      23   1.197720E+01   2.242813E+00   2.865744E+00   1.550000E+15   2.135267E+00
      24   1.194719E+01   2.248929E+00   2.880840E+00   1.600000E+15   2.139247E+00
      25   1.191869E+01   2.254671E+00   2.895272E+00   1.650000E+15   2.142891E+00
      26   1.188869E+01   2.259126E+00   2.907662E+00   1.700000E+15   2.145308E+00
      27   1.186019E+01   2.263340E+00   2.919582E+00   1.750000E+15   2.147518E+00
      28   1.183018E+01   2.266396E+00   2.929642E+00   1.800000E+15   2.148625E+00
      29   1.180318E+01   2.269802E+00   2.940128E+00   1.850000E+15   2.150098E+00
      30   1.177468E+01   2.272153E+00   2.948906E+00   1.900000E+15   2.150567E+00
      31   1.174767E+01   2.274456E+00   2.957506E+00   1.950000E+15   2.151011E+00
      32   1.172067E+01   2.276267E+00   2.965256E+00   2.000000E+15   2.150999E+00
      33   1.169367E+01   2.277624E+00   2.972211E+00   2.050000E+15   2.150566E+00
      34   1.166817E+01   2.279031E+00   2.979147E+00   2.100000E+15   2.150203E+00
      35   1.164266E+01   2.280044E+00   2.985383E+00   2.150000E+15   2.149476E+00
      36   1.161716E+01   2.280690E+00   2.990962E+00   2.200000E+15   2.148411E+00
      37   1.159316E+01   2.281460E+00   2.996644E+00   2.250000E+15   2.147486E+00
      38   1.156916E+01   2.281910E+00   3.001743E+00   2.300000E+15   2.146267E+00
      39   1.154665E+01   2.282521E+00   3.007009E+00   2.350000E+15   2.145224E+00
      40   1.152265E+01   2.282390E+00   3.011041E+00   2.400000E+15   2.143473E+00
      41   1.150015E+01   2.282455E+00   3.015298E+00   2.450000E+15   2.141932E+00
      42   1.147915E+01   2.282729E+00   3.019803E+00   2.500000E+15   2.140611E+00
      43   1.145815E+01   2.282768E+00   3.023866E+00   2.550000E+15   2.139076E+00
      44   1.143714E+01   2.282586E+00   3.027513E+00   2.600000E+15   2.137343E+00
      45   1.141614E+01   2.282197E+00   3.030765E+00   2.650000E+15   2.135422E+00
      46   1.139664E+01   2.282063E+00   3.034346E+00   2.700000E+15   2.133766E+00
      47   1.137714E+01   2.281744E+00   3.037570E+00   2.750000E+15   2.131944E+00
      48   1.135764E+01   2.281250E+00   3.040454E+00   2.800000E+15   2.129965E+00
      49   1.133813E+01   2.280590E+00   3.043016E+00   2.850000E+15   2.127839E+00
      50   1.132013E+01   2.280220E+00   3.045968E+00   2.900000E+15   2.126009E+00
