       1   9.443444E+00   6.971811E-01   7.497488E-01   4.500000E+14   6.903062E-01
       2   1.055806E+01   1.015103E+00   1.120030E+00   5.000000E+14   1.004632E+00
       3   1.119862E+01   1.256569E+00   1.414437E+00   5.500000E+14   1.243055E+00
       4   1.159316E+01   1.441121E+00   1.648472E+00   6.000000E+14   1.425009E+00
       5   1.184518E+01   1.584287E+00   1.836483E+00   6.500000E+14   1.565917E+00
       6   1.200870E+01   1.697097E+00   1.989453E+00   7.000000E+14   1.676735E+00
       7   1.211371E+01   1.787014E+00   2.115115E+00   7.500000E+14   1.764867E+00
       8   1.217822E+01   1.859248E+00   2.219063E+00   8.000000E+14   1.835487E+00
       9   1.221572E+01   1.918251E+00   2.306397E+00   8.500000E+14   1.893010E+00
      10   1.223222E+01   1.966255E+00   2.379554E+00   9.000000E+14   1.939650E+00
      11   1.223522E+01   2.006121E+00   2.442040E+00   9.500000E+14   1.978243E+00
      12   1.222772E+01   2.039207E+00   2.495455E+00   1.000000E+15   2.010136E+00
      13   1.221272E+01   2.066865E+00   2.541475E+00   1.050000E+15   2.036669E+00
      14   1.219172E+01   2.089910E+00   2.581095E+00   1.100000E+15   2.058647E+00
      15   1.216622E+01   2.109126E+00   2.615314E+00   1.150000E+15   2.076849E+00
      16   1.213771E+01   2.125265E+00   2.645121E+00   1.200000E+15   2.092019E+00
      17   1.210621E+01   2.138546E+00   2.670768E+00   1.250000E+15   2.104372E+00
      18   1.207471E+01   2.150160E+00   2.693932E+00   1.300000E+15   2.115090E+00
      19   1.204020E+01   2.159279E+00   2.713380E+00   1.350000E+15   2.123350E+00
      20   1.200720E+01   2.167538E+00   2.731465E+00   1.400000E+15   2.130771E+00
      21   1.197120E+01   2.173588E+00   2.746202E+00   1.450000E+15   2.136018E+00
      22   1.193669E+01   2.179019E+00   2.759904E+00   1.500000E+15   2.140664E+00
      23   1.190219E+01   2.183438E+00   2.771991E+00   1.550000E+15   2.144320E+00
      24   1.186769E+01   2.186937E+00   2.782591E+00   1.600000E+15   2.147077E+00
      25   1.183318E+01   2.189597E+00   2.791820E+00   1.650000E+15   2.149013E+00
      26   1.179868E+01   2.191490E+00   2.799783E+00   1.700000E+15   2.150200E+00
      27   1.176418E+01   2.192682E+00   2.806575E+00   1.750000E+15   2.150703E+00
      28   1.173117E+01   2.193701E+00   2.812985E+00   1.800000E+15   2.151045E+00
      29   1.169817E+01   2.194126E+00   2.818386E+00   1.850000E+15   2.150808E+00
      30   1.166517E+01   2.194006E+00   2.822851E+00   1.900000E+15   2.150039E+00
      31   1.163366E+01   2.193845E+00   2.827140E+00   1.950000E+15   2.149239E+00
      32   1.160216E+01   2.193217E+00   2.830616E+00   2.000000E+15   2.147985E+00
      33   1.157066E+01   2.192158E+00   2.833334E+00   2.050000E+15   2.146312E+00
      34   1.154065E+01   2.191155E+00   2.836032E+00   2.100000E+15   2.144704E+00
      35   1.151065E+01   2.189781E+00   2.838067E+00   2.150000E+15   2.142734E+00
      36   1.148215E+01   2.188512E+00   2.840162E+00   2.200000E+15   2.140876E+00
      37   1.145365E+01   2.186919E+00   2.841672E+00   2.250000E+15   2.138704E+00
      38   1.142514E+01   2.185027E+00   2.842636E+00   2.300000E+15   2.136242E+00
      39   1.139814E+01   2.183299E+00   2.843760E+00   2.350000E+15   2.133949E+00
      40   1.136964E+01   2.180867E+00   2.843730E+00   2.400000E+15   2.130966E+00
      41   1.134413E+01   2.179072E+00   2.844583E+00   2.450000E+15   2.128620E+00
      42   1.131713E+01   2.176608E+00   2.844339E+00   2.500000E+15   2.125617E+00
      43   1.129163E+01   2.174367E+00   2.844356E+00   2.550000E+15   2.122841E+00
      44   1.126763E+01   2.172358E+00   2.844650E+00   2.600000E+15   2.120300E+00
      45   1.124212E+01   2.169725E+00   2.843921E+00   2.650000E+15   2.117146E+00
      46   1.121812E+01   2.167346E+00   2.843509E+00   2.700000E+15   2.114249E+00
      47   1.119412E+01   2.164798E+00   2.842772E+00   2.750000E+15   2.111191E+00
      48   1.117162E+01   2.162520E+00   2.842380E+00   2.800000E+15   2.108403E+00
      49   1.114912E+01   2.160091E+00   2.841694E+00   2.850000E+15   2.105472E+00
      50   1.112661E+01   2.157520E+00   2.840730E+00   2.900000E+15   2.102405E+00
