       1   9.533453E+00   7.149628E-01   7.698666E-01   4.500000E+14   7.121515E-01
       2   1.061956E+01   1.029540E+00   1.137066E+00   5.000000E+14   1.025305E+00
       3   1.124362E+01   1.267567E+00   1.427814E+00   5.500000E+14   1.262130E+00
       4   1.162766E+01   1.449160E+00   1.658449E+00   6.000000E+14   1.442698E+00
       5   1.187219E+01   1.589744E+00   1.843306E+00   6.500000E+14   1.582392E+00
       6   1.202820E+01   1.699702E+00   1.992602E+00   7.000000E+14   1.691567E+00
       7   1.212721E+01   1.787116E+00   2.114912E+00   7.500000E+14   1.778281E+00
       8   1.218722E+01   1.857286E+00   2.215996E+00   8.000000E+14   1.847817E+00
       9   1.222022E+01   1.914202E+00   2.300365E+00   8.500000E+14   1.904152E+00
      10   1.223522E+01   1.961133E+00   2.371894E+00   9.000000E+14   1.950546E+00
      11   1.223372E+01   1.998916E+00   2.431327E+00   9.500000E+14   1.987832E+00
      12   1.222322E+01   2.030442E+00   2.482375E+00   1.000000E+15   2.018890E+00
      13   1.220522E+01   2.056554E+00   2.526023E+00   1.050000E+15   2.044563E+00
      14   1.218272E+01   2.078574E+00   2.563991E+00   1.100000E+15   2.066165E+00
      15   1.215422E+01   2.096280E+00   2.595851E+00   1.150000E+15   2.083475E+00
      16   1.212421E+01   2.111424E+00   2.624026E+00   1.200000E+15   2.098240E+00
      17   1.209121E+01   2.123726E+00   2.648057E+00   1.250000E+15   2.110179E+00
      18   1.205671E+01   2.133876E+00   2.668893E+00   1.300000E+15   2.119981E+00
      19   1.202070E+01   2.142043E+00   2.686750E+00   1.350000E+15   2.127813E+00
      20   1.198470E+01   2.148868E+00   2.702534E+00   1.400000E+15   2.134314E+00
      21   1.194869E+01   2.154478E+00   2.716418E+00   1.450000E+15   2.139609E+00
      22   1.191119E+01   2.158503E+00   2.727851E+00   1.500000E+15   2.143331E+00
      23   1.187519E+01   2.162012E+00   2.738389E+00   1.550000E+15   2.146543E+00
      24   1.183768E+01   2.164135E+00   2.746752E+00   1.600000E+15   2.148379E+00
      25   1.180168E+01   2.165906E+00   2.754458E+00   1.650000E+15   2.149869E+00
      26   1.176568E+01   2.166919E+00   2.760912E+00   1.700000E+15   2.150609E+00
      27   1.173117E+01   2.167708E+00   2.766901E+00   1.750000E+15   2.151129E+00
      28   1.169517E+01   2.167394E+00   2.771125E+00   1.800000E+15   2.150555E+00
      29   1.166067E+01   2.166961E+00   2.775046E+00   1.850000E+15   2.149867E+00
      30   1.162766E+01   2.166450E+00   2.778728E+00   1.900000E+15   2.149104E+00
      31   1.159316E+01   2.164984E+00   2.780868E+00   1.950000E+15   2.147393E+00
      32   1.156016E+01   2.163518E+00   2.782891E+00   2.000000E+15   2.145686E+00
      33   1.152865E+01   2.162081E+00   2.784846E+00   2.050000E+15   2.144010E+00
      34   1.149715E+01   2.160248E+00   2.786102E+00   2.100000E+15   2.141945E+00
      35   1.146565E+01   2.158052E+00   2.786707E+00   2.150000E+15   2.139519E+00
      36   1.143564E+01   2.155962E+00   2.787373E+00   2.200000E+15   2.137203E+00
      37   1.140564E+01   2.153556E+00   2.787466E+00   2.250000E+15   2.134575E+00
      38   1.137564E+01   2.150858E+00   2.787025E+00   2.300000E+15   2.131657E+00
      39   1.134713E+01   2.148324E+00   2.786742E+00   2.350000E+15   2.128908E+00
      40   1.131863E+01   2.145535E+00   2.785985E+00   2.400000E+15   2.125905E+00
      41   1.129013E+01   2.142507E+00   2.784785E+00   2.450000E+15   2.122669E+00
      42   1.126313E+01   2.139689E+00   2.783820E+00   2.500000E+15   2.119643E+00
      43   1.123612E+01   2.136661E+00   2.782458E+00   2.550000E+15   2.116410E+00
      44   1.121062E+01   2.133864E+00   2.781370E+00   2.600000E+15   2.113409E+00
      45   1.118512E+01   2.130880E+00   2.779928E+00   2.650000E+15   2.110226E+00
      46   1.115962E+01   2.127724E+00   2.778152E+00   2.700000E+15   2.106872E+00
      47   1.113411E+01   2.124405E+00   2.776063E+00   2.750000E+15   2.103358E+00
      48   1.111011E+01   2.121354E+00   2.774312E+00   2.800000E+15   2.100113E+00
      49   1.108611E+01   2.118157E+00   2.772278E+00   2.850000E+15   2.096726E+00
      50   1.106211E+01   2.114825E+00   2.769977E+00   2.900000E+15   2.093205E+00
