       1   4.332433E+00   1.151477E-01   1.179913E-01   7.000000E+14   1.143732E-01
       2   5.801080E+00   2.840842E-01   2.975789E-01   7.500000E+14   2.821188E-01
       3   6.671167E+00   4.431425E-01   4.727436E-01   8.000000E+14   4.399933E-01
       4   7.254726E+00   5.835159E-01   6.321875E-01   8.500000E+14   5.792617E-01
       5   7.668767E+00   7.046488E-01   7.736063E-01   9.000000E+14   6.993846E-01
       6   7.973297E+00   8.086207E-01   8.980239E-01   9.500000E+14   8.024367E-01
       7   8.204321E+00   8.983478E-01   1.007835E+00   1.000000E+15   8.913222E-01
       8   8.381338E+00   9.756308E-01   1.104407E+00   1.050000E+15   9.678346E-01
       9   8.517852E+00   1.042246E+00   1.189285E+00   1.100000E+15   1.033742E+00
      10   8.625863E+00   1.100530E+00   1.264905E+00   1.150000E+15   1.091370E+00
      11   8.711371E+00   1.151599E+00   1.332320E+00   1.200000E+15   1.141828E+00
      12   8.777378E+00   1.195939E+00   1.391857E+00   1.250000E+15   1.185600E+00
      13   8.829883E+00   1.235187E+00   1.445398E+00   1.300000E+15   1.224313E+00
      14   8.871887E+00   1.270170E+00   1.493853E+00   1.350000E+15   1.258792E+00
      15   8.903390E+00   1.300816E+00   1.536985E+00   1.400000E+15   1.288963E+00
      16   8.927393E+00   1.328075E+00   1.575931E+00   1.450000E+15   1.315772E+00
      17   8.945395E+00   1.352443E+00   1.611264E+00   1.500000E+15   1.339713E+00
      18   8.958896E+00   1.374439E+00   1.643608E+00   1.550000E+15   1.361298E+00
      19   8.966397E+00   1.393594E+00   1.672269E+00   1.600000E+15   1.380066E+00
      20   8.972397E+00   1.411442E+00   1.699278E+00   1.650000E+15   1.397537E+00
      21   8.973897E+00   1.427025E+00   1.723290E+00   1.700000E+15   1.412762E+00
      22   8.973897E+00   1.441382E+00   1.745697E+00   1.750000E+15   1.426772E+00
      23   8.970897E+00   1.454056E+00   1.765839E+00   1.800000E+15   1.439114E+00
      24   8.966397E+00   1.465587E+00   1.784438E+00   1.850000E+15   1.450323E+00
      25   8.960396E+00   1.476011E+00   1.801529E+00   1.900000E+15   1.460436E+00
      26   8.952895E+00   1.485367E+00   1.817146E+00   1.950000E+15   1.469490E+00
      27   8.943894E+00   1.493689E+00   1.831323E+00   2.000000E+15   1.477521E+00
      28   8.934894E+00   1.501505E+00   1.844793E+00   2.050000E+15   1.485053E+00
      29   8.924393E+00   1.508352E+00   1.856891E+00   2.100000E+15   1.491625E+00
      30   8.913891E+00   1.514751E+00   1.868347E+00   2.150000E+15   1.497755E+00
      31   8.901890E+00   1.520237E+00   1.878495E+00   2.200000E+15   1.502980E+00
      32   8.889889E+00   1.525326E+00   1.888062E+00   2.250000E+15   1.507815E+00
      33   8.877888E+00   1.530042E+00   1.897077E+00   2.300000E+15   1.512281E+00
      34   8.865887E+00   1.534404E+00   1.905566E+00   2.350000E+15   1.516399E+00
      35   8.852385E+00   1.537946E+00   1.912856E+00   2.400000E+15   1.519705E+00
      36   8.838884E+00   1.541175E+00   1.919671E+00   2.450000E+15   1.522702E+00
      37   8.826883E+00   1.544592E+00   1.926728E+00   2.500000E+15   1.525888E+00
      38   8.813381E+00   1.547243E+00   1.932657E+00   2.550000E+15   1.528317E+00
      39   8.799880E+00   1.549629E+00   1.938174E+00   2.600000E+15   1.530484E+00
      40   8.786379E+00   1.551764E+00   1.943298E+00   2.650000E+15   1.532405E+00
      41   8.772877E+00   1.553660E+00   1.948048E+00   2.700000E+15   1.534091E+00
      42   8.759376E+00   1.555331E+00   1.952440E+00   2.750000E+15   1.535554E+00
      43   8.745875E+00   1.556787E+00   1.956491E+00   2.800000E+15   1.536807E+00
      44   8.732373E+00   1.558040E+00   1.960216E+00   2.850000E+15   1.537861E+00
      45   8.718872E+00   1.559099E+00   1.963630E+00   2.900000E+15   1.538724E+00
      46   8.706871E+00   1.560445E+00   1.967431E+00   2.950000E+15   1.539874E+00
      47   8.693369E+00   1.561145E+00   1.970261E+00   3.000000E+15   1.540385E+00
      48   8.679868E+00   1.561679E+00   1.972819E+00   3.050000E+15   1.540732E+00
      49   8.666367E+00   1.562056E+00   1.975116E+00   3.100000E+15   1.540925E+00
      50   8.654366E+00   1.562746E+00   1.977844E+00   3.150000E+15   1.541432E+00
