       1   4.716472E+00   1.474919E-01   1.518149E-01   7.000000E+14   1.470980E-01
       2   6.068107E+00   3.228030E-01   3.395996E-01   7.500000E+14   3.219159E-01
       3   6.888689E+00   4.843925E-01   5.189233E-01   8.000000E+14   4.830250E-01
       4   7.442244E+00   6.254231E-01   6.803599E-01   8.500000E+14   6.236115E-01
       5   7.836784E+00   7.466212E-01   8.229665E-01   9.000000E+14   7.444048E-01
       6   8.127813E+00   8.504588E-01   9.482158E-01   9.500000E+14   8.478741E-01
       7   8.348335E+00   9.398070E-01   1.058458E+00   1.000000E+15   9.368856E-01
       8   8.516352E+00   1.016418E+00   1.154996E+00   1.050000E+15   1.013189E+00
       9   8.646865E+00   1.082756E+00   1.240245E+00   1.100000E+15   1.079244E+00
      10   8.748875E+00   1.140428E+00   1.315742E+00   1.150000E+15   1.136654E+00
      11   8.829883E+00   1.191102E+00   1.383247E+00   1.200000E+15   1.187083E+00
      12   8.891389E+00   1.234851E+00   1.442562E+00   1.250000E+15   1.230604E+00
      13   8.940894E+00   1.273853E+00   1.496284E+00   1.300000E+15   1.269392E+00
      14   8.978398E+00   1.307992E+00   1.544092E+00   1.350000E+15   1.303329E+00
      15   9.006901E+00   1.338192E+00   1.587060E+00   1.400000E+15   1.333339E+00
      16   9.027903E+00   1.364937E+00   1.625717E+00   1.450000E+15   1.359903E+00
      17   9.042904E+00   1.388736E+00   1.660657E+00   1.500000E+15   1.383530E+00
      18   9.053405E+00   1.410118E+00   1.692522E+00   1.550000E+15   1.404748E+00
      19   9.060906E+00   1.429625E+00   1.721993E+00   1.600000E+15   1.424097E+00
      20   9.062406E+00   1.446291E+00   1.747697E+00   1.650000E+15   1.440613E+00
      21   9.062406E+00   1.461670E+00   1.771724E+00   1.700000E+15   1.455847E+00
      22   9.060906E+00   1.475805E+00   1.794108E+00   1.750000E+15   1.469842E+00
      23   9.054906E+00   1.487735E+00   1.813483E+00   1.800000E+15   1.481638E+00
      24   9.048905E+00   1.499010E+00   1.831983E+00   1.850000E+15   1.492782E+00
      25   9.041404E+00   1.509167E+00   1.848946E+00   1.900000E+15   1.502813E+00
      26   9.032403E+00   1.518244E+00   1.864408E+00   1.950000E+15   1.511768E+00
      27   9.021902E+00   1.526277E+00   1.878406E+00   2.000000E+15   1.519683E+00
      28   9.011401E+00   1.533800E+00   1.891681E+00   2.050000E+15   1.527089E+00
      29   8.999400E+00   1.540344E+00   1.903563E+00   2.100000E+15   1.533521E+00
      30   8.985899E+00   1.545941E+00   1.914085E+00   2.150000E+15   1.539010E+00
      31   8.973897E+00   1.551608E+00   1.924690E+00   2.200000E+15   1.544570E+00
      32   8.960396E+00   1.556381E+00   1.933999E+00   2.250000E+15   1.549238E+00
      33   8.946895E+00   1.560777E+00   1.942745E+00   2.300000E+15   1.553532E+00
      34   8.931893E+00   1.564327E+00   1.950253E+00   2.350000E+15   1.556984E+00
      35   8.918392E+00   1.568032E+00   1.957955E+00   2.400000E+15   1.560591E+00
      36   8.903390E+00   1.570933E+00   1.964471E+00   2.450000E+15   1.563397E+00
      37   8.889889E+00   1.574021E+00   1.971228E+00   2.500000E+15   1.566390E+00
      38   8.874888E+00   1.576341E+00   1.976844E+00   2.550000E+15   1.568618E+00
      39   8.859886E+00   1.578394E+00   1.982042E+00   2.600000E+15   1.570581E+00
      40   8.844885E+00   1.580195E+00   1.986843E+00   2.650000E+15   1.572294E+00
      41   8.829883E+00   1.581757E+00   1.991264E+00   2.700000E+15   1.573769E+00
      42   8.814882E+00   1.583092E+00   1.995323E+00   2.750000E+15   1.575018E+00
      43   8.801380E+00   1.584687E+00   1.999731E+00   2.800000E+15   1.576528E+00
      44   8.786379E+00   1.585602E+00   2.003113E+00   2.850000E+15   1.577361E+00
      45   8.771377E+00   1.586323E+00   2.006180E+00   2.900000E+15   1.578000E+00
      46   8.756376E+00   1.586860E+00   2.008947E+00   2.950000E+15   1.578458E+00
      47   8.742874E+00   1.587692E+00   2.012114E+00   3.000000E+15   1.579209E+00
      48   8.727873E+00   1.587887E+00   2.014316E+00   3.050000E+15   1.579327E+00
      49   8.712871E+00   1.587924E+00   2.016256E+00   3.100000E+15   1.579288E+00
      50   8.699370E+00   1.588276E+00   2.018627E+00   3.150000E+15   1.579563E+00
