       1   4.836484E+00   1.586621E-01   1.635544E-01   7.000000E+14   1.584507E-01
       2   6.153615E+00   3.358427E-01   3.538203E-01   7.500000E+14   3.353823E-01
       3   6.959196E+00   4.982230E-01   5.344809E-01   8.000000E+14   4.975214E-01
       4   7.503750E+00   6.395194E-01   6.966395E-01   8.500000E+14   6.385953E-01
       5   7.892289E+00   7.607657E-01   8.396773E-01   9.000000E+14   7.596390E-01
       6   8.178818E+00   8.644963E-01   9.651328E-01   9.500000E+14   8.631855E-01
       7   8.394840E+00   9.533822E-01   1.075107E+00   1.000000E+15   9.519035E-01
       8   8.559856E+00   1.029716E+00   1.171564E+00   1.050000E+15   1.028084E+00
       9   8.688869E+00   1.096076E+00   1.257073E+00   1.100000E+15   1.094302E+00
      10   8.789379E+00   1.153668E+00   1.332684E+00   1.150000E+15   1.151762E+00
      11   8.867387E+00   1.203705E+00   1.399565E+00   1.200000E+15   1.201678E+00
      12   8.928893E+00   1.247714E+00   1.459393E+00   1.250000E+15   1.245572E+00
      13   8.975398E+00   1.285958E+00   1.512284E+00   1.300000E+15   1.283709E+00
      14   9.012901E+00   1.320283E+00   1.560486E+00   1.350000E+15   1.317934E+00
      15   9.039904E+00   1.350149E+00   1.603147E+00   1.400000E+15   1.347705E+00
      16   9.060906E+00   1.377037E+00   1.642124E+00   1.450000E+15   1.374501E+00
      17   9.074408E+00   1.400460E+00   1.676677E+00   1.500000E+15   1.397839E+00
      18   9.084909E+00   1.421956E+00   1.708810E+00   1.550000E+15   1.419253E+00
      19   9.089409E+00   1.440557E+00   1.737148E+00   1.600000E+15   1.437775E+00
      20   9.092409E+00   1.457819E+00   1.763770E+00   1.650000E+15   1.454961E+00
      21   9.090909E+00   1.472778E+00   1.787312E+00   1.700000E+15   1.469848E+00
      22   9.087909E+00   1.486488E+00   1.809195E+00   1.750000E+15   1.483488E+00
      23   9.081908E+00   1.498489E+00   1.828752E+00   1.800000E+15   1.495421E+00
      24   9.075908E+00   1.509831E+00   1.847428E+00   1.850000E+15   1.506698E+00
      25   9.066907E+00   1.519549E+00   1.863852E+00   1.900000E+15   1.516353E+00
      26   9.056406E+00   1.528185E+00   1.878764E+00   1.950000E+15   1.524928E+00
      27   9.045905E+00   1.536275E+00   1.892911E+00   2.000000E+15   1.532958E+00
      28   9.035404E+00   1.543851E+00   1.906331E+00   2.050000E+15   1.540476E+00
      29   9.021902E+00   1.549948E+00   1.917641E+00   2.100000E+15   1.546517E+00
      30   9.009901E+00   1.556090E+00   1.929002E+00   2.150000E+15   1.552603E+00
      31   8.996400E+00   1.561308E+00   1.939028E+00   2.200000E+15   1.557768E+00
      32   8.982898E+00   1.566125E+00   1.948459E+00   2.250000E+15   1.562533E+00
      33   8.967897E+00   1.570072E+00   1.956617E+00   2.300000E+15   1.566429E+00
      34   8.952895E+00   1.573664E+00   1.964238E+00   2.350000E+15   1.569971E+00
      35   8.939394E+00   1.577409E+00   1.972054E+00   2.400000E+15   1.573666E+00
      36   8.924393E+00   1.580347E+00   1.978676E+00   2.450000E+15   1.576556E+00
      37   8.909391E+00   1.582986E+00   1.984836E+00   2.500000E+15   1.579148E+00
      38   8.894390E+00   1.585342E+00   1.990554E+00   2.550000E+15   1.581458E+00
      39   8.877888E+00   1.586949E+00   1.995151E+00   2.600000E+15   1.583019E+00
      40   8.862886E+00   1.588784E+00   2.000049E+00   2.650000E+15   1.584810E+00
      41   8.847885E+00   1.590379E+00   2.004565E+00   2.700000E+15   1.586361E+00
      42   8.832883E+00   1.591746E+00   2.008716E+00   2.750000E+15   1.587685E+00
      43   8.817882E+00   1.592897E+00   2.012519E+00   2.800000E+15   1.588793E+00
      44   8.802880E+00   1.593843E+00   2.015990E+00   2.850000E+15   1.589697E+00
      45   8.787879E+00   1.594594E+00   2.019144E+00   2.900000E+15   1.590407E+00
      46   8.772877E+00   1.595160E+00   2.021995E+00   2.950000E+15   1.590933E+00
      47   8.757876E+00   1.595550E+00   2.024556E+00   3.000000E+15   1.591283E+00
      48   8.742874E+00   1.595773E+00   2.026840E+00   3.050000E+15   1.591467E+00
      49   8.727873E+00   1.595838E+00   2.028859E+00   3.100000E+15   1.591493E+00
      50   8.712871E+00   1.595751E+00   2.030625E+00   3.150000E+15   1.591368E+00
