       1   7.593759E+00   4.196144E-01   4.423906E-01   5.000000E+14   4.177020E-01
       2   8.909391E+00   7.034696E-01   7.608681E-01   5.500000E+14   7.001325E-01
       3   9.674468E+00   9.315784E-01   1.028112E+00   6.000000E+14   9.269914E-01
       4   1.015902E+01   1.112314E+00   1.247819E+00   6.500000E+14   1.106643E+00
       5   1.048155E+01   1.256493E+00   1.428863E+00   7.000000E+14   1.249872E+00
       6   1.070057E+01   1.372115E+00   1.578370E+00   7.500000E+14   1.364658E+00
       7   1.085359E+01   1.466579E+00   1.703834E+00   8.000000E+14   1.458370E+00
       8   1.095860E+01   1.543736E+00   1.808965E+00   8.500000E+14   1.534850E+00
       9   1.102910E+01   1.607130E+00   1.897496E+00   9.000000E+14   1.597628E+00
      10   1.107711E+01   1.660421E+00   1.973651E+00   9.500000E+14   1.650351E+00
      11   1.110711E+01   1.705090E+00   2.038987E+00   1.000000E+15   1.694492E+00
      12   1.112211E+01   1.742238E+00   2.094664E+00   1.050000E+15   1.731152E+00
      13   1.112811E+01   1.774033E+00   2.143396E+00   1.100000E+15   1.762486E+00
      14   1.112661E+01   1.801161E+00   2.185961E+00   1.150000E+15   1.789180E+00
      15   1.111911E+01   1.824307E+00   2.223179E+00   1.200000E+15   1.811915E+00
      16   1.110561E+01   1.843648E+00   2.255194E+00   1.250000E+15   1.830868E+00
      17   1.108911E+01   1.860352E+00   2.283560E+00   1.300000E+15   1.847200E+00
      18   1.107111E+01   1.875064E+00   2.309136E+00   1.350000E+15   1.861555E+00
      19   1.104860E+01   1.886927E+00   2.330665E+00   1.400000E+15   1.873079E+00
      20   1.102610E+01   1.897553E+00   2.350397E+00   1.450000E+15   1.883377E+00
      21   1.100210E+01   1.906555E+00   2.367762E+00   1.500000E+15   1.892063E+00
      22   1.097660E+01   1.914034E+00   2.382882E+00   1.550000E+15   1.899237E+00
      23   1.095110E+01   1.920568E+00   2.396572E+00   1.600000E+15   1.905476E+00
      24   1.092559E+01   1.926235E+00   2.408934E+00   1.650000E+15   1.910855E+00
      25   1.089859E+01   1.930621E+00   2.419365E+00   1.700000E+15   1.914965E+00
      26   1.087159E+01   1.934278E+00   2.428652E+00   1.750000E+15   1.918352E+00
      27   1.084608E+01   1.937739E+00   2.437567E+00   1.800000E+15   1.921548E+00
      28   1.081908E+01   1.940100E+00   2.444796E+00   1.850000E+15   1.923654E+00
      29   1.079208E+01   1.941888E+00   2.451100E+00   1.900000E+15   1.925193E+00
      30   1.076658E+01   1.943617E+00   2.457229E+00   1.950000E+15   1.926676E+00
      31   1.073957E+01   1.944383E+00   2.461864E+00   2.000000E+15   1.927206E+00
      32   1.071407E+01   1.945161E+00   2.466429E+00   2.050000E+15   1.927750E+00
      33   1.068857E+01   1.945513E+00   2.470287E+00   2.100000E+15   1.927874E+00
      34   1.066307E+01   1.945471E+00   2.473483E+00   2.150000E+15   1.927608E+00
      35   1.063906E+01   1.945521E+00   2.476734E+00   2.200000E+15   1.927438E+00
      36   1.061356E+01   1.944768E+00   2.478724E+00   2.250000E+15   1.926471E+00
      37   1.058956E+01   1.944153E+00   2.480840E+00   2.300000E+15   1.925644E+00
      38   1.056556E+01   1.943238E+00   2.482438E+00   2.350000E+15   1.924522E+00
      39   1.054305E+01   1.942493E+00   2.484218E+00   2.400000E+15   1.923572E+00
      40   1.052055E+01   1.941484E+00   2.485536E+00   2.450000E+15   1.922362E+00
      41   1.049655E+01   1.939780E+00   2.485755E+00   2.500000E+15   1.920462E+00
      42   1.047555E+01   1.938738E+00   2.486891E+00   2.550000E+15   1.919224E+00
      43   1.045305E+01   1.937032E+00   2.486977E+00   2.600000E+15   1.917328E+00
      44   1.043204E+01   1.935564E+00   2.487355E+00   2.650000E+15   1.915671E+00
      45   1.041104E+01   1.933902E+00   2.487384E+00   2.700000E+15   1.913824E+00
      46   1.039004E+01   1.932059E+00   2.487084E+00   2.750000E+15   1.911798E+00
      47   1.036904E+01   1.930045E+00   2.486472E+00   2.800000E+15   1.909604E+00
      48   1.034954E+01   1.928304E+00   2.486214E+00   2.850000E+15   1.907685E+00
      49   1.032853E+01   1.925978E+00   2.485028E+00   2.900000E+15   1.905185E+00
      50   1.031053E+01   1.924371E+00   2.484864E+00   2.950000E+15   1.903403E+00
