       1   7.793279E+00   4.514499E-01   4.772762E-01   5.000000E+14   4.506305E-01
       2   9.063906E+00   7.372386E-01   7.995266E-01   5.500000E+14   7.358459E-01
       3   9.804981E+00   9.652934E-01   1.068073E+00   6.000000E+14   9.634003E-01
       4   1.027603E+01   1.145851E+00   1.288716E+00   6.500000E+14   1.143524E+00
       5   1.058806E+01   1.289273E+00   1.469800E+00   7.000000E+14   1.286567E+00
       6   1.079958E+01   1.404210E+00   1.619272E+00   7.500000E+14   1.401169E+00
       7   1.094509E+01   1.497483E+00   1.743923E+00   8.000000E+14   1.494142E+00
       8   1.104560E+01   1.574082E+00   1.848948E+00   8.500000E+14   1.570470E+00
       9   1.111311E+01   1.637202E+00   1.937669E+00   9.000000E+14   1.633343E+00
      10   1.115662E+01   1.689582E+00   2.013101E+00   9.500000E+14   1.685495E+00
      11   1.118212E+01   1.733230E+00   2.077500E+00   1.000000E+15   1.728933E+00
      12   1.119562E+01   1.770286E+00   2.133451E+00   1.050000E+15   1.765792E+00
      13   1.119862E+01   1.801432E+00   2.181662E+00   1.100000E+15   1.796753E+00
      14   1.119412E+01   1.827870E+00   2.223612E+00   1.150000E+15   1.823017E+00
      15   1.118512E+01   1.850798E+00   2.260844E+00   1.200000E+15   1.845779E+00
      16   1.117012E+01   1.869895E+00   2.292811E+00   1.250000E+15   1.864719E+00
      17   1.115062E+01   1.885834E+00   2.320376E+00   1.300000E+15   1.880509E+00
      18   1.112961E+01   1.899770E+00   2.345114E+00   1.350000E+15   1.894301E+00
      19   1.110711E+01   1.911838E+00   2.367180E+00   1.400000E+15   1.906231E+00
      20   1.108161E+01   1.921667E+00   2.386011E+00   1.450000E+15   1.915928E+00
      21   1.105611E+01   1.930360E+00   2.403156E+00   1.500000E+15   1.924493E+00
      22   1.102910E+01   1.937523E+00   2.418035E+00   1.550000E+15   1.931532E+00
      23   1.100210E+01   1.943734E+00   2.431467E+00   1.600000E+15   1.937624E+00
      24   1.097360E+01   1.948589E+00   2.442854E+00   1.650000E+15   1.942363E+00
      25   1.094659E+01   1.953129E+00   2.453698E+00   1.700000E+15   1.946789E+00
      26   1.091809E+01   1.956451E+00   2.462683E+00   1.750000E+15   1.950001E+00
      27   1.088959E+01   1.959097E+00   2.470593E+00   1.800000E+15   1.952540E+00
      28   1.086109E+01   1.961120E+00   2.477501E+00   1.850000E+15   1.954459E+00
      29   1.083258E+01   1.962569E+00   2.483477E+00   1.900000E+15   1.955806E+00
      30   1.080558E+01   1.963956E+00   2.489273E+00   1.950000E+15   1.957093E+00
      31   1.077708E+01   1.964380E+00   2.493565E+00   2.000000E+15   1.957419E+00
      32   1.075008E+01   1.964813E+00   2.497783E+00   2.050000E+15   1.957757E+00
      33   1.072307E+01   1.964821E+00   2.501288E+00   2.100000E+15   1.957671E+00
      34   1.069607E+01   1.964432E+00   2.504125E+00   2.150000E+15   1.957191E+00
      35   1.066907E+01   1.963677E+00   2.506336E+00   2.200000E+15   1.956345E+00
      36   1.064356E+01   1.963035E+00   2.508636E+00   2.250000E+15   1.955615E+00
      37   1.061806E+01   1.962071E+00   2.510382E+00   2.300000E+15   1.954564E+00
      38   1.059256E+01   1.960808E+00   2.511606E+00   2.350000E+15   1.953215E+00
      39   1.056706E+01   1.959264E+00   2.512340E+00   2.400000E+15   1.951587E+00
      40   1.054305E+01   1.957906E+00   2.513280E+00   2.450000E+15   1.950146E+00
      41   1.051905E+01   1.956300E+00   2.513782E+00   2.500000E+15   1.948459E+00
      42   1.049505E+01   1.954463E+00   2.513871E+00   2.550000E+15   1.946541E+00
      43   1.047255E+01   1.952850E+00   2.514229E+00   2.600000E+15   1.944849E+00
      44   1.044854E+01   1.950591E+00   2.513561E+00   2.650000E+15   1.942512E+00
      45   1.042604E+01   1.948580E+00   2.513200E+00   2.700000E+15   1.940423E+00
      46   1.040354E+01   1.946387E+00   2.512507E+00   2.750000E+15   1.938154E+00
      47   1.038254E+01   1.944457E+00   2.512151E+00   2.800000E+15   1.936149E+00
      48   1.036004E+01   1.941931E+00   2.510848E+00   2.850000E+15   1.933550E+00
      49   1.033903E+01   1.939686E+00   2.509909E+00   2.900000E+15   1.931231E+00
      50   1.031803E+01   1.937296E+00   2.508701E+00   2.950000E+15   1.928768E+00
