       1   7.859286E+00   4.622910E-01   4.891936E-01   5.000000E+14   4.618721E-01
       2   9.114912E+00   7.485800E-01   8.125500E-01   5.500000E+14   7.478740E-01
       3   9.848485E+00   9.766671E-01   1.081594E+00   6.000000E+14   9.757108E-01
       4   1.031353E+01   1.156704E+00   1.301989E+00   6.500000E+14   1.155531E+00
       5   1.062256E+01   1.299971E+00   1.483197E+00   7.000000E+14   1.298608E+00
       6   1.083108E+01   1.414489E+00   1.632409E+00   7.500000E+14   1.412959E+00
       7   1.097510E+01   1.507655E+00   1.757154E+00   8.000000E+14   1.505975E+00
       8   1.107411E+01   1.584050E+00   1.862117E+00   8.500000E+14   1.582235E+00
       9   1.114011E+01   1.646897E+00   1.950655E+00   9.000000E+14   1.644958E+00
      10   1.118212E+01   1.698955E+00   2.025816E+00   9.500000E+14   1.696903E+00
      11   1.120762E+01   1.742751E+00   2.090559E+00   1.000000E+15   1.740593E+00
      12   1.121962E+01   1.779428E+00   2.146126E+00   1.050000E+15   1.777172E+00
      13   1.122262E+01   1.810682E+00   2.194605E+00   1.100000E+15   1.808333E+00
      14   1.121662E+01   1.836708E+00   2.236097E+00   1.150000E+15   1.834272E+00
      15   1.120612E+01   1.859216E+00   2.272844E+00   1.200000E+15   1.856697E+00
      16   1.118962E+01   1.877885E+00   2.304303E+00   1.250000E+15   1.875288E+00
      17   1.117162E+01   1.894393E+00   2.332759E+00   1.300000E+15   1.891720E+00
      18   1.114912E+01   1.907891E+00   2.356959E+00   1.350000E+15   1.905146E+00
      19   1.112511E+01   1.919520E+00   2.378476E+00   1.400000E+15   1.916706E+00
      20   1.109961E+01   1.929403E+00   2.397456E+00   1.450000E+15   1.926522E+00
      21   1.107411E+01   1.938145E+00   2.414744E+00   1.500000E+15   1.935200E+00
      22   1.104560E+01   1.944863E+00   2.429050E+00   1.550000E+15   1.941856E+00
      23   1.101860E+01   1.951119E+00   2.442610E+00   1.600000E+15   1.948052E+00
      24   1.099010E+01   1.956015E+00   2.454118E+00   1.650000E+15   1.952889E+00
      25   1.096160E+01   1.960110E+00   2.464377E+00   1.700000E+15   1.956928E+00
      26   1.093159E+01   1.962990E+00   2.472774E+00   1.750000E+15   1.959753E+00
      27   1.090309E+01   1.965674E+00   2.480792E+00   1.800000E+15   1.962383E+00
      28   1.087459E+01   1.967732E+00   2.487805E+00   1.850000E+15   1.964389E+00
      29   1.084608E+01   1.969213E+00   2.493880E+00   1.900000E+15   1.965818E+00
      30   1.081758E+01   1.970161E+00   2.499081E+00   1.950000E+15   1.966716E+00
      31   1.078908E+01   1.970615E+00   2.503466E+00   2.000000E+15   1.967121E+00
      32   1.076208E+01   1.971077E+00   2.507774E+00   2.050000E+15   1.967535E+00
      33   1.073357E+01   1.970649E+00   2.510682E+00   2.100000E+15   1.967060E+00
      34   1.070657E+01   1.970288E+00   2.513604E+00   2.150000E+15   1.966652E+00
      35   1.067957E+01   1.969558E+00   2.515897E+00   2.200000E+15   1.965877E+00
      36   1.065257E+01   1.968484E+00   2.517601E+00   2.250000E+15   1.964759E+00
      37   1.062706E+01   1.967544E+00   2.519424E+00   2.300000E+15   1.963775E+00
      38   1.060156E+01   1.966303E+00   2.520723E+00   2.350000E+15   1.962490E+00
      39   1.057606E+01   1.964780E+00   2.521530E+00   2.400000E+15   1.960925E+00
      40   1.055056E+01   1.962995E+00   2.521874E+00   2.450000E+15   1.959098E+00
      41   1.052655E+01   1.961409E+00   2.522445E+00   2.500000E+15   1.957471E+00
      42   1.050105E+01   1.959148E+00   2.521941E+00   2.550000E+15   1.955170E+00
      43   1.047705E+01   1.957113E+00   2.521708E+00   2.600000E+15   1.953095E+00
      44   1.045455E+01   1.955313E+00   2.521762E+00   2.650000E+15   1.951255E+00
      45   1.043054E+01   1.952881E+00   2.520809E+00   2.700000E+15   1.948784E+00
      46   1.040804E+01   1.950705E+00   2.520179E+00   2.750000E+15   1.946569E+00
      47   1.038554E+01   1.948357E+00   2.519234E+00   2.800000E+15   1.944183E+00
      48   1.036454E+01   1.946279E+00   2.518637E+00   2.850000E+15   1.942068E+00
      49   1.034203E+01   1.943617E+00   2.517110E+00   2.900000E+15   1.939369E+00
      50   1.032103E+01   1.941240E+00   2.515957E+00   2.950000E+15   1.936956E+00
