       1   1.500000E+01   1.452470E-01   2.995500E+14
       2   1.342086E+01   2.084448E-01   3.493875E+14
       3   1.218680E+01   2.879035E-01   3.992000E+14
       4   1.168417E+01   3.808988E-01   4.489875E+14
       5   1.149287E+01   4.840763E-01   4.987500E+14
       6   1.143286E+01   5.938882E-01   5.484875E+14
       7   1.143661E+01   7.069716E-01   5.982000E+14
       8   1.146662E+01   8.203945E-01   6.478875E+14
       9   1.150038E+01   9.317718E-01   6.975500E+14
      10   1.153413E+01   1.039286E+00   7.471875E+14
      11   1.155664E+01   1.141646E+00   7.968000E+14
      12   1.156789E+01   1.238015E+00   8.463875E+14
      13   1.157164E+01   1.327923E+00   8.959500E+14
      14   1.156789E+01   1.411189E+00   9.454875E+14
      15   1.155289E+01   1.487846E+00   9.950000E+14
      16   1.153038E+01   1.558077E+00   1.044488E+15
      17   1.150413E+01   1.622169E+00   1.093950E+15
      18   1.147037E+01   1.680471E+00   1.143388E+15
      19   1.143286E+01   1.733369E+00   1.192800E+15
      20   1.139535E+01   1.781259E+00   1.242188E+15
      21   1.135034E+01   1.824540E+00   1.291550E+15
      22   1.130533E+01   1.863596E+00   1.340888E+15
      23   1.125656E+01   1.898793E+00   1.390200E+15
      24   1.121155E+01   1.930478E+00   1.439488E+15
      25   1.116279E+01   1.958970E+00   1.488750E+15
      26   1.111028E+01   1.984566E+00   1.537988E+15
      27   1.106152E+01   2.007538E+00   1.587200E+15
      28   1.101275E+01   2.028133E+00   1.636388E+15
      29   1.096399E+01   2.046578E+00   1.685550E+15
      30   1.091523E+01   2.063077E+00   1.734688E+15
      31   1.086647E+01   2.077815E+00   1.783800E+15
      32   1.081770E+01   2.090961E+00   1.832888E+15
      33   1.077269E+01   2.102666E+00   1.881950E+15
      34   1.072393E+01   2.113067E+00   1.930988E+15
      35   1.067892E+01   2.122287E+00   1.980000E+15
      36   1.063391E+01   2.130437E+00   2.028988E+15
      37   1.059265E+01   2.137619E+00   2.077950E+15
      38   1.054764E+01   2.143922E+00   2.126888E+15
      39   1.050638E+01   2.149430E+00   2.175800E+15
      40   1.046512E+01   2.154214E+00   2.224688E+15
      41   1.042386E+01   2.158343E+00   2.273550E+15
      42   1.038635E+01   2.161877E+00   2.322388E+15
      43   1.034884E+01   2.164869E+00   2.371200E+15
      44   1.031133E+01   2.167370E+00   2.419988E+15
      45   1.027382E+01   2.169425E+00   2.468750E+15
      46   1.023631E+01   2.171073E+00   2.517488E+15
      47   1.020255E+01   2.172352E+00   2.566200E+15
      48   1.016879E+01   2.173295E+00   2.614888E+15
      49   1.013503E+01   2.173932E+00   2.663550E+15
      50   1.010128E+01   2.174291E+00   2.712188E+15
