       1   1.500000E+01   1.571449E-01   2.997750E+14
       2   1.349212E+01   2.223739E-01   3.496938E+14
       3   1.233308E+01   3.036471E-01   3.996000E+14
       4   1.184546E+01   3.981501E-01   4.494938E+14
       5   1.164666E+01   5.024720E-01   4.993750E+14
       6   1.157914E+01   6.130486E-01   5.492438E+14
       7   1.157164E+01   7.265333E-01   5.991000E+14
       8   1.159040E+01   8.400304E-01   6.489438E+14
       9   1.161665E+01   9.512029E-01   6.987750E+14
      10   1.163916E+01   1.058284E+00   7.485938E+14
      11   1.165416E+01   1.160033E+00   7.984000E+14
      12   1.165791E+01   1.255655E+00   8.481938E+14
      13   1.165416E+01   1.344722E+00   8.979750E+14
      14   1.164291E+01   1.427083E+00   9.477438E+14
      15   1.162416E+01   1.502798E+00   9.975000E+14
      16   1.159790E+01   1.572070E+00   1.047244E+15
      17   1.156789E+01   1.635202E+00   1.096975E+15
      18   1.153038E+01   1.692555E+00   1.146694E+15
      19   1.148912E+01   1.744522E+00   1.196400E+15
      20   1.144411E+01   1.791508E+00   1.246094E+15
      21   1.139910E+01   1.833914E+00   1.295775E+15
      22   1.135034E+01   1.872127E+00   1.345444E+15
      23   1.130158E+01   1.906515E+00   1.395100E+15
      24   1.125281E+01   1.937424E+00   1.444744E+15
      25   1.120030E+01   1.965175E+00   1.494375E+15
      26   1.115154E+01   1.990062E+00   1.543994E+15
      27   1.109902E+01   2.012357E+00   1.593600E+15
      28   1.104651E+01   2.032306E+00   1.643194E+15
      29   1.099775E+01   2.050134E+00   1.692775E+15
      30   1.094899E+01   2.066045E+00   1.742344E+15
      31   1.089647E+01   2.080222E+00   1.791900E+15
      32   1.084771E+01   2.092831E+00   1.841444E+15
      33   1.080270E+01   2.104024E+00   1.890975E+15
      34   1.075394E+01   2.113934E+00   1.940494E+15
      35   1.070893E+01   2.122686E+00   1.990000E+15
      36   1.066017E+01   2.130387E+00   2.039494E+15
      37   1.061890E+01   2.137139E+00   2.088975E+15
      38   1.057389E+01   2.143030E+00   2.138444E+15
      39   1.053263E+01   2.148141E+00   2.187900E+15
      40   1.048762E+01   2.152546E+00   2.237344E+15
      41   1.045011E+01   2.156309E+00   2.286775E+15
      42   1.040885E+01   2.159491E+00   2.336194E+15
      43   1.036759E+01   2.162145E+00   2.385600E+15
      44   1.033008E+01   2.164320E+00   2.434994E+15
      45   1.029257E+01   2.166060E+00   2.484375E+15
      46   1.025881E+01   2.167405E+00   2.533744E+15
      47   1.022131E+01   2.168390E+00   2.583100E+15
      48   1.018755E+01   2.169049E+00   2.632444E+15
      49   1.015379E+01   2.169412E+00   2.681775E+15
      50   1.012003E+01   2.169505E+00   2.731094E+15
