       1   1.500000E+01   1.631843E-01   2.998875E+14
       2   1.352213E+01   2.294164E-01   3.498469E+14
       3   1.240060E+01   3.115791E-01   3.998000E+14
       4   1.192048E+01   4.068156E-01   4.497469E+14
       5   1.171793E+01   5.116884E-01   4.996875E+14
       6   1.165041E+01   6.226271E-01   5.496219E+14
       7   1.163541E+01   7.362939E-01   5.995500E+14
       8   1.165041E+01   8.498122E-01   6.494719E+14
       9   1.166917E+01   9.608689E-01   6.993875E+14
      10   1.168792E+01   1.067723E+00   7.492969E+14
      11   1.169917E+01   1.169157E+00   7.992000E+14
      12   1.170293E+01   1.264401E+00   8.490969E+14
      13   1.169542E+01   1.353042E+00   8.989875E+14
      14   1.168042E+01   1.434949E+00   9.488719E+14
      15   1.165791E+01   1.510191E+00   9.987500E+14
      16   1.163166E+01   1.578983E+00   1.048622E+15
      17   1.159790E+01   1.641636E+00   1.098488E+15
      18   1.156039E+01   1.698515E+00   1.148347E+15
      19   1.151538E+01   1.750020E+00   1.198200E+15
      20   1.147037E+01   1.796556E+00   1.248047E+15
      21   1.142536E+01   1.838527E+00   1.297888E+15
      22   1.137284E+01   1.876322E+00   1.347722E+15
      23   1.132408E+01   1.910308E+00   1.397550E+15
      24   1.127157E+01   1.940833E+00   1.447372E+15
      25   1.122281E+01   1.968215E+00   1.497188E+15
      26   1.117029E+01   1.992751E+00   1.546997E+15
      27   1.111778E+01   2.014711E+00   1.596800E+15
      28   1.106527E+01   2.034341E+00   1.646597E+15
      29   1.101275E+01   2.051864E+00   1.696388E+15
      30   1.096399E+01   2.067483E+00   1.746172E+15
      31   1.091148E+01   2.081382E+00   1.795950E+15
      32   1.086272E+01   2.093727E+00   1.845722E+15
      33   1.081395E+01   2.104666E+00   1.895488E+15
      34   1.076894E+01   2.114335E+00   1.945247E+15
      35   1.072018E+01   2.122854E+00   1.995000E+15
      36   1.067517E+01   2.130334E+00   2.044747E+15
      37   1.063016E+01   2.136874E+00   2.094488E+15
      38   1.058515E+01   2.142561E+00   2.144222E+15
      39   1.054389E+01   2.147478E+00   2.193950E+15
      40   1.049887E+01   2.151695E+00   2.243672E+15
      41   1.045761E+01   2.155278E+00   2.293388E+15
      42   1.042011E+01   2.158286E+00   2.343097E+15
      43   1.037884E+01   2.160774E+00   2.392800E+15
      44   1.034134E+01   2.162788E+00   2.442497E+15
      45   1.030383E+01   2.164373E+00   2.492188E+15
      46   1.026632E+01   2.165568E+00   2.541872E+15
      47   1.023256E+01   2.166409E+00   2.591550E+15
      48   1.019505E+01   2.166928E+00   2.641222E+15
      49   1.016129E+01   2.167155E+00   2.690888E+15
      50   1.012753E+01   2.167117E+00   2.740547E+15
