       1   9.342934E+00   6.758801E-01   7.256682E-01   4.500000E+14   6.732114E-01
       2   1.045755E+01   9.874036E-01   1.087269E+00   5.000000E+14   9.833256E-01
       3   1.109811E+01   1.224164E+00   1.374708E+00   5.500000E+14   1.218894E+00
       4   1.149265E+01   1.405045E+00   1.602916E+00   6.000000E+14   1.398757E+00
       5   1.174317E+01   1.544737E+00   1.785292E+00   6.500000E+14   1.537569E+00
       6   1.190519E+01   1.654508E+00   1.933147E+00   7.000000E+14   1.646565E+00
       7   1.201020E+01   1.742197E+00   2.054753E+00   7.500000E+14   1.733559E+00
       8   1.207321E+01   1.811960E+00   2.154335E+00   8.000000E+14   1.802698E+00
       9   1.211071E+01   1.869175E+00   2.238231E+00   8.500000E+14   1.859341E+00
      10   1.212721E+01   1.915550E+00   2.308192E+00   9.000000E+14   1.905189E+00
      11   1.212871E+01   1.953400E+00   2.366969E+00   9.500000E+14   1.942550E+00
      12   1.212121E+01   1.985072E+00   2.417522E+00   1.000000E+15   1.973765E+00
      13   1.210471E+01   2.010896E+00   2.460110E+00   1.050000E+15   1.999160E+00
      14   1.208371E+01   2.032679E+00   2.497117E+00   1.100000E+15   2.020536E+00
      15   1.205821E+01   2.050693E+00   2.528827E+00   1.150000E+15   2.038164E+00
      16   1.202970E+01   2.065680E+00   2.556213E+00   1.200000E+15   2.052784E+00
      17   1.199820E+01   2.077857E+00   2.579527E+00   1.250000E+15   2.064610E+00
      18   1.196520E+01   2.087908E+00   2.599704E+00   1.300000E+15   2.074325E+00
      19   1.193219E+01   2.096487E+00   2.617657E+00   1.350000E+15   2.082579E+00
      20   1.189769E+01   2.103251E+00   2.632872E+00   1.400000E+15   2.089031E+00
      21   1.186319E+01   2.108815E+00   2.646223E+00   1.450000E+15   2.094293E+00
      22   1.182868E+01   2.113292E+00   2.657864E+00   1.500000E+15   2.098478E+00
      23   1.179268E+01   2.116305E+00   2.667240E+00   1.550000E+15   2.101209E+00
      24   1.175818E+01   2.118898E+00   2.675866E+00   1.600000E+15   2.103527E+00
      25   1.172367E+01   2.120672E+00   2.683160E+00   1.650000E+15   2.105034E+00
      26   1.169067E+01   2.122166E+00   2.689913E+00   1.700000E+15   2.106267E+00
      27   1.165617E+01   2.122508E+00   2.694844E+00   1.750000E+15   2.106356E+00
      28   1.162316E+01   2.122688E+00   2.699409E+00   1.800000E+15   2.106288E+00
      29   1.159016E+01   2.122291E+00   2.703000E+00   1.850000E+15   2.105650E+00
      30   1.155866E+01   2.121821E+00   2.706364E+00   1.900000E+15   2.104942E+00
      31   1.152715E+01   2.120860E+00   2.708885E+00   1.950000E+15   2.103750E+00
      32   1.149565E+01   2.119447E+00   2.710625E+00   2.000000E+15   2.102111E+00
      33   1.146565E+01   2.118068E+00   2.712305E+00   2.050000E+15   2.100509E+00
      34   1.143564E+01   2.116300E+00   2.713303E+00   2.100000E+15   2.098523E+00
      35   1.140564E+01   2.114174E+00   2.713666E+00   2.150000E+15   2.096184E+00
      36   1.137714E+01   2.112159E+00   2.714096E+00   2.200000E+15   2.093958E+00
      37   1.134863E+01   2.109833E+00   2.713969E+00   2.250000E+15   2.091426E+00
      38   1.132163E+01   2.107657E+00   2.713973E+00   2.300000E+15   2.089047E+00
      39   1.129463E+01   2.105211E+00   2.713486E+00   2.350000E+15   2.086400E+00
      40   1.126763E+01   2.102513E+00   2.712538E+00   2.400000E+15   2.083506E+00
      41   1.124212E+01   2.100013E+00   2.711804E+00   2.450000E+15   2.080813E+00
      42   1.121662E+01   2.097292E+00   2.710661E+00   2.500000E+15   2.077902E+00
      43   1.119112E+01   2.094366E+00   2.709134E+00   2.550000E+15   2.074788E+00
      44   1.116712E+01   2.091674E+00   2.707883E+00   2.600000E+15   2.071911E+00
      45   1.114311E+01   2.088801E+00   2.706289E+00   2.650000E+15   2.068855E+00
      46   1.111911E+01   2.085757E+00   2.704372E+00   2.700000E+15   2.065631E+00
      47   1.109661E+01   2.082975E+00   2.702781E+00   2.750000E+15   2.062672E+00
      48   1.107411E+01   2.080042E+00   2.700899E+00   2.800000E+15   2.059564E+00
      49   1.105311E+01   2.077385E+00   2.699369E+00   2.850000E+15   2.056732E+00
      50   1.103060E+01   2.074176E+00   2.696952E+00   2.900000E+15   2.053353E+00
