       1   9.494449E+00   7.065065E-01   7.602766E-01   4.500000E+14   7.053948E-01
       2   1.058056E+01   1.018622E+00   1.124115E+00   5.000000E+14   1.016946E+00
       3   1.120462E+01   1.254834E+00   1.412162E+00   5.500000E+14   1.252680E+00
       4   1.158716E+01   1.434551E+00   1.639960E+00   6.000000E+14   1.431992E+00
       5   1.183168E+01   1.573952E+00   1.822822E+00   6.500000E+14   1.571040E+00
       6   1.198770E+01   1.682915E+00   1.970362E+00   7.000000E+14   1.679693E+00
       7   1.208671E+01   1.769465E+00   2.091094E+00   7.500000E+14   1.765965E+00
       8   1.214671E+01   1.838869E+00   2.190738E+00   8.000000E+14   1.835119E+00
       9   1.217972E+01   1.895093E+00   2.273775E+00   8.500000E+14   1.891114E+00
      10   1.219322E+01   1.940884E+00   2.343364E+00   9.000000E+14   1.936694E+00
      11   1.219172E+01   1.978084E+00   2.401629E+00   9.500000E+14   1.973698E+00
      12   1.218122E+01   2.009062E+00   2.451566E+00   1.000000E+15   2.004492E+00
      13   1.216322E+01   2.034660E+00   2.494159E+00   1.050000E+15   2.029917E+00
      14   1.213921E+01   2.055691E+00   2.530404E+00   1.100000E+15   2.050785E+00
      15   1.211221E+01   2.073434E+00   2.562007E+00   1.150000E+15   2.068372E+00
      16   1.208071E+01   2.087638E+00   2.588537E+00   1.200000E+15   2.082428E+00
      17   1.204770E+01   2.099516E+00   2.611667E+00   1.250000E+15   2.094164E+00
      18   1.201320E+01   2.109258E+00   2.631631E+00   1.300000E+15   2.103770E+00
      19   1.197870E+01   2.117519E+00   2.649348E+00   1.350000E+15   2.111900E+00
      20   1.194119E+01   2.123475E+00   2.663604E+00   1.400000E+15   2.117729E+00
      21   1.190519E+01   2.128712E+00   2.676682E+00   1.450000E+15   2.122844E+00
      22   1.186919E+01   2.132857E+00   2.688035E+00   1.500000E+15   2.126870E+00
      23   1.183168E+01   2.135535E+00   2.697106E+00   1.550000E+15   2.129434E+00
      24   1.179568E+01   2.137788E+00   2.705418E+00   1.600000E+15   2.131576E+00
      25   1.175968E+01   2.139221E+00   2.712388E+00   1.650000E+15   2.132899E+00
      26   1.172367E+01   2.139904E+00   2.718120E+00   1.700000E+15   2.133476E+00
      27   1.168767E+01   2.139903E+00   2.722711E+00   1.750000E+15   2.133372E+00
      28   1.165317E+01   2.139738E+00   2.726929E+00   1.800000E+15   2.133106E+00
      29   1.161866E+01   2.138994E+00   2.730165E+00   1.850000E+15   2.132263E+00
      30   1.158566E+01   2.138175E+00   2.733169E+00   1.900000E+15   2.131347E+00
      31   1.155116E+01   2.136412E+00   2.734653E+00   1.950000E+15   2.129490E+00
      32   1.151965E+01   2.135102E+00   2.736694E+00   2.000000E+15   2.128086E+00
      33   1.148665E+01   2.132922E+00   2.737332E+00   2.050000E+15   2.125816E+00
      34   1.145515E+01   2.130804E+00   2.737953E+00   2.100000E+15   2.123608E+00
      35   1.142514E+01   2.128770E+00   2.738596E+00   2.150000E+15   2.121486E+00
      36   1.139364E+01   2.125960E+00   2.737981E+00   2.200000E+15   2.118589E+00
      37   1.136364E+01   2.123281E+00   2.737465E+00   2.250000E+15   2.115826E+00
      38   1.133513E+01   2.120751E+00   2.737078E+00   2.300000E+15   2.113212E+00
      39   1.130663E+01   2.117950E+00   2.736196E+00   2.350000E+15   2.110328E+00
      40   1.127813E+01   2.114898E+00   2.734852E+00   2.400000E+15   2.107194E+00
      41   1.125113E+01   2.112041E+00   2.733717E+00   2.450000E+15   2.104258E+00
      42   1.122412E+01   2.108964E+00   2.732171E+00   2.500000E+15   2.101102E+00
      43   1.119712E+01   2.105682E+00   2.730239E+00   2.550000E+15   2.097741E+00
      44   1.117162E+01   2.102631E+00   2.728581E+00   2.600000E+15   2.094614E+00
      45   1.114611E+01   2.099399E+00   2.726577E+00   2.650000E+15   2.091306E+00
      46   1.112061E+01   2.095998E+00   2.724249E+00   2.700000E+15   2.087829E+00
      47   1.109661E+01   2.092855E+00   2.722243E+00   2.750000E+15   2.084613E+00
      48   1.107261E+01   2.089562E+00   2.719946E+00   2.800000E+15   2.081246E+00
      49   1.104860E+01   2.086127E+00   2.717372E+00   2.850000E+15   2.077740E+00
      50   1.102460E+01   2.082561E+00   2.714540E+00   2.900000E+15   2.074102E+00
