       1   9.543954E+00   7.166822E-01   7.718053E-01   4.500000E+14   7.161191E-01
       2   1.061956E+01   1.028630E+00   1.135957E+00   5.000000E+14   1.027785E+00
       3   1.123912E+01   1.264848E+00   1.424421E+00   5.500000E+14   1.263764E+00
       4   1.161866E+01   1.444437E+00   1.652400E+00   6.000000E+14   1.443150E+00
       5   1.186019E+01   1.583407E+00   1.834997E+00   6.500000E+14   1.581944E+00
       6   1.201470E+01   1.692239E+00   1.982605E+00   7.000000E+14   1.690621E+00
       7   1.211071E+01   1.778061E+00   2.102578E+00   7.500000E+14   1.776304E+00
       8   1.217072E+01   1.847663E+00   2.202660E+00   8.000000E+14   1.845780E+00
       9   1.220222E+01   1.903543E+00   2.285388E+00   8.500000E+14   1.901546E+00
      10   1.221422E+01   1.948958E+00   2.354601E+00   9.000000E+14   1.946856E+00
      11   1.221272E+01   1.986267E+00   2.413139E+00   9.500000E+14   1.984066E+00
      12   1.220072E+01   2.016835E+00   2.462618E+00   1.000000E+15   2.014542E+00
      13   1.218272E+01   2.042514E+00   2.505429E+00   1.050000E+15   2.040135E+00
      14   1.215722E+01   2.063116E+00   2.541165E+00   1.100000E+15   2.060655E+00
      15   1.212871E+01   2.080426E+00   2.572241E+00   1.150000E+15   2.077887E+00
      16   1.209721E+01   2.094690E+00   2.598938E+00   1.200000E+15   2.092077E+00
      17   1.206421E+01   2.106623E+00   2.622224E+00   1.250000E+15   2.103939E+00
      18   1.202820E+01   2.115924E+00   2.641627E+00   1.300000E+15   2.113172E+00
      19   1.199220E+01   2.123746E+00   2.658777E+00   1.350000E+15   2.120928E+00
      20   1.195620E+01   2.130232E+00   2.673866E+00   1.400000E+15   2.127350E+00
      21   1.191869E+01   2.135027E+00   2.686365E+00   1.450000E+15   2.132084E+00
      22   1.188119E+01   2.138732E+00   2.697136E+00   1.500000E+15   2.135730E+00
      23   1.184368E+01   2.141448E+00   2.706321E+00   1.550000E+15   2.138388E+00
      24   1.180768E+01   2.143737E+00   2.714740E+00   1.600000E+15   2.140621E+00
      25   1.177018E+01   2.144733E+00   2.721121E+00   1.650000E+15   2.141562E+00
      26   1.173417E+01   2.145449E+00   2.726953E+00   1.700000E+15   2.142224E+00
      27   1.169817E+01   2.145477E+00   2.731638E+00   1.750000E+15   2.142201E+00
      28   1.166217E+01   2.144878E+00   2.735264E+00   1.800000E+15   2.141551E+00
      29   1.162766E+01   2.144162E+00   2.738590E+00   1.850000E+15   2.140786E+00
      30   1.159316E+01   2.142914E+00   2.741002E+00   1.900000E+15   2.139488E+00
      31   1.156016E+01   2.141629E+00   2.743242E+00   1.950000E+15   2.138156E+00
      32   1.152715E+01   2.139890E+00   2.744690E+00   2.000000E+15   2.136370E+00
      33   1.149415E+01   2.137732E+00   2.745403E+00   2.050000E+15   2.134166E+00
      34   1.146265E+01   2.135634E+00   2.746097E+00   2.100000E+15   2.132023E+00
      35   1.143114E+01   2.133175E+00   2.746149E+00   2.150000E+15   2.129520E+00
      36   1.139964E+01   2.130383E+00   2.745602E+00   2.200000E+15   2.126684E+00
      37   1.136964E+01   2.127722E+00   2.745152E+00   2.250000E+15   2.123980E+00
      38   1.133963E+01   2.124771E+00   2.744176E+00   2.300000E+15   2.120987E+00
      39   1.130963E+01   2.121552E+00   2.742707E+00   2.350000E+15   2.117726E+00
      40   1.128113E+01   2.118515E+00   2.741425E+00   2.400000E+15   2.114649E+00
      41   1.125413E+01   2.115673E+00   2.740349E+00   2.450000E+15   2.111766E+00
      42   1.122562E+01   2.112182E+00   2.738220E+00   2.500000E+15   2.108235E+00
      43   1.119862E+01   2.108913E+00   2.736345E+00   2.550000E+15   2.104926E+00
      44   1.117312E+01   2.105874E+00   2.734740E+00   2.600000E+15   2.101849E+00
      45   1.114611E+01   2.102231E+00   2.732155E+00   2.650000E+15   2.098168E+00
      46   1.112061E+01   2.098841E+00   2.729879E+00   2.700000E+15   2.094739E+00
      47   1.109511E+01   2.095291E+00   2.727295E+00   2.750000E+15   2.091152E+00
      48   1.107111E+01   2.092007E+00   2.725046E+00   2.800000E+15   2.087831E+00
      49   1.104710E+01   2.088581E+00   2.722520E+00   2.850000E+15   2.084368E+00
      50   1.102310E+01   2.085022E+00   2.719733E+00   2.900000E+15   2.080773E+00
