       1   1.352835E+01   1.157373E+00   1.244226E+00   1.500000E+16
       2   1.353135E+01   1.162639E+00   1.250320E+00   2.000000E+16
       3   1.353285E+01   1.165739E+00   1.253908E+00   2.500000E+16
       4   1.353435E+01   1.167781E+00   1.256274E+00   3.000000E+16
       5   1.353585E+01   1.169229E+00   1.257952E+00   3.500000E+16
       6   1.353585E+01   1.170306E+00   1.259200E+00   4.000000E+16
       7   1.353735E+01   1.171143E+00   1.260170E+00   4.500000E+16
       8   1.353735E+01   1.171808E+00   1.260941E+00   5.000000E+16
       9   1.353735E+01   1.172350E+00   1.261569E+00   5.500000E+16
      10   1.353735E+01   1.172801E+00   1.262091E+00   6.000000E+16
      11   1.353885E+01   1.173185E+00   1.262536E+00   6.500000E+16
      12   1.353885E+01   1.173511E+00   1.262914E+00   7.000000E+16
      13   1.353885E+01   1.173792E+00   1.263241E+00   7.500000E+16
      14   1.353885E+01   1.174039E+00   1.263526E+00   8.000000E+16
      15   1.353885E+01   1.174256E+00   1.263778E+00   8.500000E+16
      16   1.353885E+01   1.174449E+00   1.264002E+00   9.000000E+16
      17   1.353885E+01   1.174621E+00   1.264201E+00   9.500000E+16
      18   1.353885E+01   1.174776E+00   1.264381E+00   1.000000E+17
