       1   1.281578E+01   1.919972E+00   2.187393E+00   1.500000E+16
       2   1.278428E+01   1.921200E+00   2.189056E+00   2.000000E+16
       3   1.276628E+01   1.921559E+00   2.189545E+00   2.500000E+16
       4   1.275428E+01   1.921646E+00   2.189665E+00   3.000000E+16
       5   1.274527E+01   1.921634E+00   2.189652E+00   3.500000E+16
       6   1.273927E+01   1.921588E+00   2.189592E+00   4.000000E+16
       7   1.273477E+01   1.921531E+00   2.189516E+00   4.500000E+16
       8   1.273027E+01   1.921468E+00   2.189432E+00   5.000000E+16
       9   1.272727E+01   1.921409E+00   2.189353E+00   5.500000E+16
      10   1.272427E+01   1.921352E+00   2.189277E+00   6.000000E+16
      11   1.272127E+01   1.921298E+00   2.189204E+00   6.500000E+16
      12   1.271977E+01   1.921251E+00   2.189142E+00   7.000000E+16
      13   1.271827E+01   1.921208E+00   2.189084E+00   7.500000E+16
      14   1.271677E+01   1.921168E+00   2.189031E+00   8.000000E+16
      15   1.271527E+01   1.921131E+00   2.188980E+00   8.500000E+16
      16   1.271377E+01   1.921096E+00   2.188934E+00   9.000000E+16
      17   1.271227E+01   1.921063E+00   2.188890E+00   9.500000E+16
      18   1.271227E+01   1.921037E+00   2.188855E+00   1.000000E+17
