       1   1.181668E+01   2.167013E+00   2.536844E+00   1.500000E+16
       2   1.174767E+01   2.154327E+00   2.518105E+00   2.000000E+16
       3   1.170717E+01   2.146055E+00   2.505878E+00   2.500000E+16
       4   1.168017E+01   2.140290E+00   2.497357E+00   3.000000E+16
       5   1.166067E+01   2.136056E+00   2.491101E+00   3.500000E+16
       6   1.164716E+01   2.132826E+00   2.486329E+00   4.000000E+16
       7   1.163666E+01   2.130279E+00   2.482567E+00   4.500000E+16
       8   1.162766E+01   2.128218E+00   2.479524E+00   5.000000E+16
       9   1.162016E+01   2.126518E+00   2.477014E+00   5.500000E+16
      10   1.161416E+01   2.125093E+00   2.474910E+00   6.000000E+16
      11   1.160966E+01   2.123883E+00   2.473124E+00   6.500000E+16
      12   1.160516E+01   2.122839E+00   2.471583E+00   7.000000E+16
      13   1.160066E+01   2.121928E+00   2.470239E+00   7.500000E+16
      14   1.159766E+01   2.121132E+00   2.469064E+00   8.000000E+16
      15   1.159466E+01   2.120427E+00   2.468023E+00   8.500000E+16
      16   1.159316E+01   2.119802E+00   2.467102E+00   9.000000E+16
      17   1.159016E+01   2.119236E+00   2.466267E+00   9.500000E+16
      18   1.158866E+01   2.118730E+00   2.465521E+00   1.000000E+17
