       1   1.101860E+01   2.220190E+00   2.625396E+00   1.500000E+16
       2   1.091509E+01   2.191909E+00   2.580733E+00   2.000000E+16
       3   1.085509E+01   2.174233E+00   2.552884E+00   2.500000E+16
       4   1.081608E+01   2.162213E+00   2.533988E+00   3.000000E+16
       5   1.078758E+01   2.153524E+00   2.520353E+00   3.500000E+16
       6   1.076808E+01   2.146965E+00   2.510076E+00   4.000000E+16
       7   1.075158E+01   2.141832E+00   2.502042E+00   4.500000E+16
       8   1.073957E+01   2.137715E+00   2.495604E+00   5.000000E+16
       9   1.072907E+01   2.134334E+00   2.490322E+00   5.500000E+16
      10   1.072157E+01   2.131514E+00   2.485919E+00   6.000000E+16
      11   1.071407E+01   2.129120E+00   2.482184E+00   6.500000E+16
      12   1.070807E+01   2.127066E+00   2.478981E+00   7.000000E+16
      13   1.070207E+01   2.125281E+00   2.476198E+00   7.500000E+16
      14   1.069757E+01   2.123720E+00   2.473765E+00   8.000000E+16
      15   1.069307E+01   2.122340E+00   2.471614E+00   8.500000E+16
      16   1.069007E+01   2.121116E+00   2.469708E+00   9.000000E+16
      17   1.068707E+01   2.120019E+00   2.468000E+00   9.500000E+16
      18   1.068407E+01   2.119030E+00   2.466460E+00   1.000000E+17
