       1   1.042454E+01   2.207882E+00   2.616323E+00   1.500000E+16
       2   1.028953E+01   2.164873E+00   2.545264E+00   2.000000E+16
       3   1.021302E+01   2.138553E+00   2.502026E+00   2.500000E+16
       4   1.016352E+01   2.120888E+00   2.473148E+00   3.000000E+16
       5   1.012901E+01   2.108240E+00   2.452548E+00   3.500000E+16
       6   1.010501E+01   2.098752E+00   2.437140E+00   4.000000E+16
       7   1.008551E+01   2.091367E+00   2.425176E+00   4.500000E+16
       8   1.007051E+01   2.085462E+00   2.415627E+00   5.000000E+16
       9   1.005701E+01   2.080628E+00   2.407822E+00   5.500000E+16
      10   1.004650E+01   2.076603E+00   2.401332E+00   6.000000E+16
      11   1.003900E+01   2.073204E+00   2.395857E+00   6.500000E+16
      12   1.003150E+01   2.070287E+00   2.391164E+00   7.000000E+16
      13   1.002400E+01   2.067757E+00   2.387096E+00   7.500000E+16
      14   1.001950E+01   2.065551E+00   2.383552E+00   8.000000E+16
      15   1.001350E+01   2.063598E+00   2.380416E+00   8.500000E+16
      16   1.001050E+01   2.061871E+00   2.377644E+00   9.000000E+16
      17   1.000600E+01   2.060319E+00   2.375157E+00   9.500000E+16
      18   1.000300E+01   2.058927E+00   2.372925E+00   1.000000E+17
