       1   1.080258E+01   1.188794E-01   1.199325E-01   1.000000E+14   1.184159E-01
       2   1.174617E+01   2.290989E-01   2.327314E-01   1.500000E+14   2.277607E-01
       3   1.237474E+01   3.567927E-01   3.652471E-01   2.000000E+14   3.540175E-01
       4   1.280528E+01   4.938651E-01   5.096956E-01   2.500000E+14   4.890699E-01
       5   1.310231E+01   6.342316E-01   6.600415E-01   3.000000E+14   6.268532E-01
       6   1.330183E+01   7.734262E-01   8.116616E-01   3.500000E+14   7.629465E-01
       7   1.342934E+01   9.082949E-01   9.611042E-01   4.000000E+14   8.942556E-01
       8   1.349985E+01   1.036715E+00   1.105868E+00   4.500000E+14   1.018724E+00
       9   1.352835E+01   1.157373E+00   1.244226E+00   5.000000E+14   1.135105E+00
      10   1.352235E+01   1.269550E+00   1.375049E+00   5.500000E+14   1.242743E+00
      11   1.349235E+01   1.372979E+00   1.497689E+00   6.000000E+14   1.341430E+00
      12   1.344134E+01   1.467693E+00   1.611835E+00   6.500000E+14   1.431254E+00
      13   1.337534E+01   1.553952E+00   1.717451E+00   7.000000E+14   1.512518E+00
      14   1.329733E+01   1.632148E+00   1.814685E+00   7.500000E+14   1.585656E+00
      15   1.321032E+01   1.702761E+00   1.903817E+00   8.000000E+14   1.651181E+00
      16   1.311731E+01   1.766315E+00   1.985219E+00   8.500000E+14   1.709647E+00
      17   1.301980E+01   1.823349E+00   2.059313E+00   9.000000E+14   1.761613E+00
      18   1.291779E+01   1.874393E+00   2.126545E+00   9.500000E+14   1.807630E+00
      19   1.281578E+01   1.919972E+00   2.187393E+00   1.000000E+15   1.848238E+00
      20   1.271077E+01   1.960565E+00   2.242300E+00   1.050000E+15   1.883929E+00
      21   1.260726E+01   1.996644E+00   2.291735E+00   1.100000E+15   1.915183E+00
      22   1.250375E+01   2.028629E+00   2.336118E+00   1.150000E+15   1.942427E+00
      23   1.240024E+01   2.056912E+00   2.375860E+00   1.200000E+15   1.966060E+00
      24   1.229823E+01   2.081858E+00   2.411352E+00   1.250000E+15   1.986449E+00
      25   1.219772E+01   2.103793E+00   2.442953E+00   1.300000E+15   2.003923E+00
      26   1.210021E+01   2.123022E+00   2.471009E+00   1.350000E+15   2.018788E+00
      27   1.200270E+01   2.139803E+00   2.495814E+00   1.400000E+15   2.031303E+00
      28   1.190969E+01   2.154399E+00   2.517678E+00   1.450000E+15   2.041730E+00
      29   1.181668E+01   2.167013E+00   2.536844E+00   1.500000E+15   2.050272E+00
      30   1.172667E+01   2.177855E+00   2.553570E+00   1.550000E+15   2.057138E+00
      31   1.163966E+01   2.187107E+00   2.568079E+00   1.600000E+15   2.062506E+00
      32   1.155416E+01   2.194924E+00   2.580568E+00   1.650000E+15   2.066532E+00
      33   1.147015E+01   2.201453E+00   2.591224E+00   1.700000E+15   2.069360E+00
      34   1.138914E+01   2.206831E+00   2.600227E+00   1.750000E+15   2.071124E+00
      35   1.131113E+01   2.211177E+00   2.607732E+00   1.800000E+15   2.071942E+00
      36   1.123462E+01   2.214593E+00   2.613874E+00   1.850000E+15   2.071913E+00
      37   1.115962E+01   2.217174E+00   2.618783E+00   1.900000E+15   2.071129E+00
      38   1.108761E+01   2.219013E+00   2.622588E+00   1.950000E+15   2.069682E+00
      39   1.101860E+01   2.220190E+00   2.625396E+00   2.000000E+15   2.067648E+00
      40   1.094960E+01   2.220763E+00   2.627290E+00   2.050000E+15   2.065084E+00
      41   1.088509E+01   2.220813E+00   2.628385E+00   2.100000E+15   2.062068E+00
      42   1.082058E+01   2.220381E+00   2.628739E+00   2.150000E+15   2.058640E+00
      43   1.075908E+01   2.219531E+00   2.628444E+00   2.200000E+15   2.054859E+00
      44   1.069907E+01   2.218303E+00   2.627559E+00   2.250000E+15   2.050766E+00
      45   1.064056E+01   2.216742E+00   2.626148E+00   2.300000E+15   2.046401E+00
      46   1.058356E+01   2.214885E+00   2.624267E+00   2.350000E+15   2.041801E+00
      47   1.052805E+01   2.212767E+00   2.621968E+00   2.400000E+15   2.036997E+00
      48   1.047555E+01   2.210425E+00   2.619309E+00   2.450000E+15   2.032027E+00
      49   1.042454E+01   2.207882E+00   2.616323E+00   2.500000E+15   2.026911E+00
      50   1.037354E+01   2.205160E+00   2.613042E+00   2.550000E+15   2.021668E+00
