       1   1.081308E+01   1.194205E-01   1.204827E-01   1.000000E+14   1.192457E-01
       2   1.176118E+01   2.305775E-01   2.342546E-01   1.500000E+14   2.300717E-01
       3   1.239274E+01   3.596634E-01   3.682489E-01   2.000000E+14   3.586121E-01
       4   1.282628E+01   4.984671E-01   5.145856E-01   2.500000E+14   4.966474E-01
       5   1.312331E+01   6.407431E-01   6.670775E-01   3.000000E+14   6.379389E-01
       6   1.332283E+01   7.818638E-01   8.209371E-01   3.500000E+14   7.778763E-01
       7   1.344584E+01   9.185185E-01   9.725399E-01   4.000000E+14   9.131717E-01
       8   1.351335E+01   1.048471E+00   1.119247E+00   4.500000E+14   1.041615E+00
       9   1.353585E+01   1.170306E+00   1.259200E+00   5.000000E+14   1.161817E+00
      10   1.352535E+01   1.283253E+00   1.391186E+00   5.500000E+14   1.273032E+00
      11   1.348785E+01   1.387000E+00   1.514476E+00   6.000000E+14   1.374971E+00
      12   1.342934E+01   1.481574E+00   1.628725E+00   6.500000E+14   1.467683E+00
      13   1.335434E+01   1.567235E+00   1.733870E+00   7.000000E+14   1.551446E+00
      14   1.326733E+01   1.644398E+00   1.830060E+00   7.500000E+14   1.626690E+00
      15   1.317282E+01   1.713572E+00   1.917590E+00   8.000000E+14   1.693939E+00
      16   1.306931E+01   1.775303E+00   1.996836E+00   8.500000E+14   1.753749E+00
      17   1.296280E+01   1.830176E+00   2.068264E+00   9.000000E+14   1.806714E+00
      18   1.285179E+01   1.878752E+00   2.132347E+00   9.500000E+14   1.853402E+00
      19   1.273927E+01   1.921588E+00   2.189592E+00   1.000000E+15   1.894378E+00
      20   1.262526E+01   1.959208E+00   2.240494E+00   1.050000E+15   1.930168E+00
      21   1.251125E+01   1.992105E+00   2.285544E+00   1.100000E+15   1.961270E+00
      22   1.239874E+01   2.020741E+00   2.325215E+00   1.150000E+15   1.988149E+00
      23   1.228623E+01   2.045529E+00   2.359945E+00   1.200000E+15   2.011219E+00
      24   1.217372E+01   2.066854E+00   2.390151E+00   1.250000E+15   2.030866E+00
      25   1.206421E+01   2.085075E+00   2.416243E+00   1.300000E+15   2.047452E+00
      26   1.195770E+01   2.100513E+00   2.438586E+00   1.350000E+15   2.061294E+00
      27   1.185119E+01   2.113442E+00   2.457502E+00   1.400000E+15   2.072670E+00
      28   1.174767E+01   2.124135E+00   2.473320E+00   1.450000E+15   2.081851E+00
      29   1.164716E+01   2.132826E+00   2.486329E+00   1.500000E+15   2.089071E+00
      30   1.154815E+01   2.139721E+00   2.496784E+00   1.550000E+15   2.094535E+00
      31   1.145215E+01   2.145016E+00   2.504937E+00   1.600000E+15   2.098437E+00
      32   1.135764E+01   2.148875E+00   2.511000E+00   1.650000E+15   2.100942E+00
      33   1.126613E+01   2.151459E+00   2.515184E+00   1.700000E+15   2.102210E+00
      34   1.117762E+01   2.152906E+00   2.517676E+00   1.750000E+15   2.102376E+00
      35   1.109061E+01   2.153334E+00   2.518635E+00   1.800000E+15   2.101559E+00
      36   1.100660E+01   2.152860E+00   2.518223E+00   1.850000E+15   2.099874E+00
      37   1.092559E+01   2.151585E+00   2.516580E+00   1.900000E+15   2.097420E+00
      38   1.084458E+01   2.149587E+00   2.513817E+00   1.950000E+15   2.094276E+00
      39   1.076808E+01   2.146965E+00   2.510076E+00   2.000000E+15   2.090538E+00
      40   1.069307E+01   2.143779E+00   2.505445E+00   2.050000E+15   2.086267E+00
      41   1.061956E+01   2.140096E+00   2.500020E+00   2.100000E+15   2.081526E+00
      42   1.054755E+01   2.135974E+00   2.493888E+00   2.150000E+15   2.076374E+00
      43   1.047855E+01   2.131472E+00   2.487138E+00   2.200000E+15   2.070869E+00
      44   1.041254E+01   2.126637E+00   2.479843E+00   2.250000E+15   2.065057E+00
      45   1.034653E+01   2.121501E+00   2.472048E+00   2.300000E+15   2.058969E+00
      46   1.028353E+01   2.116115E+00   2.463834E+00   2.350000E+15   2.052654E+00
      47   1.022202E+01   2.110506E+00   2.455244E+00   2.400000E+15   2.046140E+00
      48   1.016202E+01   2.104707E+00   2.446328E+00   2.450000E+15   2.039457E+00
      49   1.010501E+01   2.098752E+00   2.437140E+00   2.500000E+15   2.032640E+00
      50   1.004800E+01   2.092654E+00   2.427703E+00   2.550000E+15   2.025701E+00
