       1   1.081608E+01   1.196148E-01   1.206802E-01   1.000000E+14   1.195447E-01
       2   1.176718E+01   2.311086E-01   2.348018E-01   1.500000E+14   2.309057E-01
       3   1.239874E+01   3.606912E-01   3.693238E-01   2.000000E+14   3.602691E-01
       4   1.283378E+01   5.001103E-01   5.163322E-01   2.500000E+14   4.993793E-01
       5   1.313081E+01   6.430589E-01   6.695811E-01   3.000000E+14   6.419319E-01
       6   1.332883E+01   7.848473E-01   8.242190E-01   3.500000E+14   7.832441E-01
       7   1.345185E+01   9.221136E-01   9.765646E-01   4.000000E+14   9.199634E-01
       8   1.351785E+01   1.052572E+00   1.123919E+00   4.500000E+14   1.049814E+00
       9   1.353885E+01   1.174776E+00   1.264381E+00   5.000000E+14   1.171361E+00
      10   1.352535E+01   1.287929E+00   1.396699E+00   5.500000E+14   1.283817E+00
      11   1.348485E+01   1.391711E+00   1.520125E+00   6.000000E+14   1.386873E+00
      12   1.342484E+01   1.486151E+00   1.634302E+00   6.500000E+14   1.480564E+00
      13   1.334683E+01   1.571503E+00   1.739154E+00   7.000000E+14   1.565154E+00
      14   1.325683E+01   1.648195E+00   1.834832E+00   7.500000E+14   1.641076E+00
      15   1.315782E+01   1.716743E+00   1.921634E+00   8.000000E+14   1.708853E+00
      16   1.305281E+01   1.777718E+00   1.999961E+00   8.500000E+14   1.769059E+00
      17   1.294179E+01   1.831703E+00   2.070268E+00   9.000000E+14   1.822281E+00
      18   1.282778E+01   1.879287E+00   2.133060E+00   9.500000E+14   1.869110E+00
      19   1.271227E+01   1.921037E+00   2.188855E+00   1.000000E+15   1.910118E+00
      20   1.259526E+01   1.957489E+00   2.238162E+00   1.050000E+15   1.945842E+00
      21   1.247675E+01   1.989147E+00   2.281481E+00   1.100000E+15   1.976785E+00
      22   1.236124E+01   2.016491E+00   2.319315E+00   1.150000E+15   2.003431E+00
      23   1.224422E+01   2.039937E+00   2.352101E+00   1.200000E+15   2.026195E+00
      24   1.213021E+01   2.059894E+00   2.380295E+00   1.250000E+15   2.045488E+00
      25   1.201770E+01   2.076716E+00   2.404295E+00   1.300000E+15   2.061663E+00
      26   1.190669E+01   2.090727E+00   2.424477E+00   1.350000E+15   2.075045E+00
      27   1.179868E+01   2.102229E+00   2.441201E+00   1.400000E+15   2.085935E+00
      28   1.169217E+01   2.111482E+00   2.454780E+00   1.450000E+15   2.094592E+00
      29   1.158866E+01   2.118730E+00   2.465521E+00   1.500000E+15   2.101263E+00
      30   1.148665E+01   2.124185E+00   2.473687E+00   1.550000E+15   2.106156E+00
      31   1.138764E+01   2.128045E+00   2.479537E+00   1.600000E+15   2.109471E+00
      32   1.129163E+01   2.130484E+00   2.483299E+00   1.650000E+15   2.111381E+00
      33   1.119712E+01   2.131654E+00   2.485175E+00   1.700000E+15   2.112037E+00
      34   1.110561E+01   2.131700E+00   2.485361E+00   1.750000E+15   2.111585E+00
      35   1.101710E+01   2.130749E+00   2.484031E+00   1.800000E+15   2.110150E+00
      36   1.093009E+01   2.128908E+00   2.481336E+00   1.850000E+15   2.107839E+00
      37   1.084608E+01   2.126283E+00   2.477427E+00   1.900000E+15   2.104758E+00
      38   1.076358E+01   2.122962E+00   2.472426E+00   1.950000E+15   2.100993E+00
      39   1.068407E+01   2.119030E+00   2.466460E+00   2.000000E+15   2.096631E+00
      40   1.060606E+01   2.114555E+00   2.459628E+00   2.050000E+15   2.091738E+00
      41   1.053105E+01   2.109609E+00   2.452039E+00   2.100000E+15   2.086386E+00
      42   1.045905E+01   2.104251E+00   2.443779E+00   2.150000E+15   2.080633E+00
      43   1.038704E+01   2.098524E+00   2.434913E+00   2.200000E+15   2.074522E+00
      44   1.031803E+01   2.092485E+00   2.425531E+00   2.250000E+15   2.068110E+00
      45   1.025203E+01   2.086178E+00   2.415701E+00   2.300000E+15   2.061440E+00
      46   1.018602E+01   2.079630E+00   2.405463E+00   2.350000E+15   2.054538E+00
      47   1.012301E+01   2.072888E+00   2.394892E+00   2.400000E+15   2.047452E+00
      48   1.006151E+01   2.065975E+00   2.384028E+00   2.450000E+15   2.040205E+00
      49   1.000300E+01   2.058927E+00   2.372925E+00   2.500000E+15   2.032830E+00
      50   9.944495E+00   2.051757E+00   2.361605E+00   2.550000E+15   2.025343E+00
