1.00E+14	99333333333333.3	7.452876E+032	        7.32928178234267E+032	1.6583426003
1.50E+14	148500000000000	        2.05377112307643E+033	2.00281128447695E+033	2.4812812892
2.00E+14	197333333333333	        4.21598332715398E+033	4.07685274918143E+033	3.300074198
2.50E+14	245833333333333	        7.36501977462659E+033	7.061969220762E+033	4.1147283122
3.00E+14	294000000000000	        1.16178839050596E+034	1.10456740049746E+034	4.9252506288
3.50E+14	341833333333333	        1.70802414795925E+034	1.61012621336478E+034	5.7316481568
4.00E+14	389333333333333	        2.38492032E+034	        2.22909134540819E+034	6.5339279172
4.50E+14	436500000000000	        3.20151233905755E+034	2.96677435071893E+034	7.3320969429
5.00E+14	483333333333333	        4.16628434096918E+034	3.82772531442393E+034	8.1261622788
5.50E+14	529833333333333	        5.28725941576948E+034	4.81584044089415E+034	8.9161309821
6.00E+14	576000000000000		6.57206759384457E+034	5.9344449306624E+034	9.702010122
6.50E+14	621833333333333		8.02799858303683E+034	7.18635872328477E+034	10.4838067801
7.00E+14	667333333333333		9.66204365961889E+034	8.57394990268523E+034	11.26152805
7.50E+14	712500000000000		1.14809296035625E+035	1.0099178940917E+035	12.0351810381
8.00E+14	757333333333333		1.34911466468927E+035	1.17636359621568E+035	12.8047728629
8.50E+14	801833333333333		1.56989718181218E+035	1.35685725726743E+035	13.5703106556
9.00E+14	846000000000000		1.811048868E+035	1.55149293808835E+035	14.3318015597
9.50E+14	889833333333333		2.07316041960271E+035	1.76033600435396E+035	15.0892527318
1.00E+15	933333333333333		2.35680632788051E+035	1.9834252472188E+035	15.8426713406
1.05E+15	976500000000000		2.66254614433797E+035	2.22077476891204E+035	16.5920645682
1.10E+15	1.01933333333333E+015	2.99092558942642E+035	2.47237567161086E+035	17.337439609
1.15E+15	1.06183333333333E+015	3.34247753049519E+035	2.73819758002578E+035	18.0788036705
1.20E+15	1104000000000000	3.71772284961908E+035	3.0181900221596E+035	18.8161639734
1.25E+15	1.14583333333333E+015	4.11717121792381E+035	3.31228368811837E+035	19.549527751
1.30E+15	1.18733333333333E+015	4.54132178993707E+035	3.62039158328956E+035	20.2789022502
1.35E+15	1228500000000000	4.99066382907572E+035	3.94241008940008E+035	21.0042947307
1.40E+15	1.26933333333333E+015	5.4656772734696E+035	4.27821994473888E+035	21.7257124656
1.45E+15	1.30983333333333E+015	5.96683324979982E+035	4.62768715304032E+035	22.4431627414
1.50E+15	1350000000000000	6.49459454160351E+035	4.99066382907572E+035	23.1566528579
1.55E+15	1.38983333333333E+015	7.04941601750254E+035	5.36698898781725E+035	23.8661901285
1.60E+15	1.42933333333333E+015	7.631745024E+035	5.75648928306441E+035	24.57178188
1.65E+15	1468500000000000	8.24202174681872E+035	6.15897970061594E+035	25.273435453
1.70E+15	1.50733333333333E+015	8.88067954420032E+035	6.57426421039634E+035	25.9711582016
1.75E+15	1.54583333333333E+015	9.54814525512011E+035	7.00213638138041E+035	26.664957494
1.80E+15	1584000000000000	1.02448394849842E+036	7.44237996268155E+035	27.3548407119
1.85E+15	1.62183333333333E+015	1.09711768710469E+036	7.89476943376363E+035	28.0408152511
1.90E+15	1.65933333333333E+015	1.1727566329509E+036	8.35907052639037E+035	28.7228885216
1.95E+15	1696500000000000	1.25144112860197E+036	8.83504072062862E+035	29.4010679472
2.00E+15	1.73333333333333E+015	1.33321098911014E+036	9.32242971696668E+035	30.075360966
2.05E+15	1.76983333333333E+015	1.41810552218449E+036	9.82097988638696E+035	30.7457750305
2.10E+15	1806000000000000	1.50616354710678E+036	1.03304267000401E+036	31.4123176073
2.15E+15	1.84183333333333E+015	1.59742341250023E+036	1.08504991400004E+036	32.0749961776
2.20E+15	1.87733333333333E+015	1.69192301304623E+036	1.13809200924341E+036	32.7338182371
2.25E+15	1912500000000000	1.78969980523426E+036	1.19214067243862E+036	33.3887912961
2.30E+15	1.94733333333333E+015	1.89079082222145E+036	1.24716708452733E+036	34.0399228794
2.35E+15	1.98183333333333E+015	1.99523268787082E+036	1.30314192540746E+036	34.6872205267
2.40E+15	2016000000000000	2.10306163003026E+036	1.36003540731199E+036	35.3306917928
2.45E+15	2.04983333333333E+015	2.21431349310865E+036	1.41781730692971E+036	35.970344247
2.50E+15	2.08333333333333E+015	2.32902375E+036		1.47645699634291E+036	36.6061854739

