       1   1.036904E+01   1.086427E-01   1.095309E-01   1.000000E+14   1.086106E-01
       2   1.138614E+01   2.144921E-01   2.176955E-01   1.500000E+14   2.143971E-01
       3   1.206571E+01   3.393188E-01   3.469928E-01   2.000000E+14   3.391188E-01
       4   1.253825E+01   4.750513E-01   4.897258E-01   2.500000E+14   4.747018E-01
       5   1.286529E+01   6.153763E-01   6.396898E-01   3.000000E+14   6.148336E-01
       6   1.308881E+01   7.555179E-01   7.919964E-01   3.500000E+14   7.547415E-01
       7   1.323432E+01   8.919738E-01   9.428665E-01   4.000000E+14   8.909275E-01
       8   1.331833E+01   1.022294E+00   1.089468E+00   4.500000E+14   1.020947E+00
       9   1.335584E+01   1.144889E+00   1.229780E+00   5.000000E+14   1.143215E+00
      10   1.335584E+01   1.258818E+00   1.362414E+00   5.500000E+14   1.256796E+00
      11   1.332733E+01   1.363644E+00   1.486512E+00   6.000000E+14   1.361259E+00
      12   1.327633E+01   1.459295E+00   1.601612E+00   6.500000E+14   1.456535E+00
      13   1.320732E+01   1.545952E+00   1.707559E+00   7.000000E+14   1.542811E+00
      14   1.312631E+01   1.623986E+00   1.804437E+00   7.500000E+14   1.620457E+00
      15   1.303330E+01   1.693854E+00   1.892472E+00   8.000000E+14   1.689937E+00
      16   1.293279E+01   1.756100E+00   1.972027E+00   8.500000E+14   1.751795E+00
      17   1.282628E+01   1.811287E+00   2.043529E+00   9.000000E+14   1.806598E+00
      18   1.271677E+01   1.859990E+00   2.107460E+00   9.500000E+14   1.854921E+00
      19   1.260426E+01   1.902763E+00   2.164311E+00   1.000000E+15   1.897319E+00
      20   1.249025E+01   1.940142E+00   2.214588E+00   1.050000E+15   1.934330E+00
      21   1.237474E+01   1.972628E+00   2.258782E+00   1.100000E+15   1.966456E+00
      22   1.226073E+01   2.000700E+00   2.297386E+00   1.150000E+15   1.994176E+00
      23   1.214671E+01   2.024788E+00   2.330851E+00   1.200000E+15   2.017920E+00
      24   1.203270E+01   2.045290E+00   2.359612E+00   1.250000E+15   2.038086E+00
      25   1.192169E+01   2.062579E+00   2.384093E+00   1.300000E+15   2.055048E+00
      26   1.181218E+01   2.076981E+00   2.404666E+00   1.350000E+15   2.069133E+00
      27   1.170417E+01   2.088799E+00   2.421688E+00   1.400000E+15   2.080642E+00
      28   1.159766E+01   2.098303E+00   2.435486E+00   1.450000E+15   2.089846E+00
      29   1.149415E+01   2.105743E+00   2.446371E+00   1.500000E+15   2.096995E+00
      30   1.139214E+01   2.111336E+00   2.454613E+00   1.550000E+15   2.102305E+00
      31   1.129313E+01   2.115286E+00   2.460476E+00   1.600000E+15   2.105980E+00
      32   1.119712E+01   2.117771E+00   2.464193E+00   1.650000E+15   2.108199E+00
      33   1.110261E+01   2.118948E+00   2.465971E+00   1.700000E+15   2.109118E+00
      34   1.101110E+01   2.118966E+00   2.466012E+00   1.750000E+15   2.108885E+00
      35   1.092109E+01   2.117950E+00   2.464487E+00   1.800000E+15   2.107626E+00
      36   1.083408E+01   2.116021E+00   2.461566E+00   1.850000E+15   2.105461E+00
      37   1.075008E+01   2.113284E+00   2.457396E+00   1.900000E+15   2.102495E+00
      38   1.066757E+01   2.109827E+00   2.452104E+00   1.950000E+15   2.098816E+00
      39   1.058806E+01   2.105741E+00   2.445820E+00   2.000000E+15   2.094514E+00
      40   1.051005E+01   2.101095E+00   2.438648E+00   2.050000E+15   2.089659E+00
      41   1.043354E+01   2.095959E+00   2.430689E+00   2.100000E+15   2.084320E+00
      42   1.036004E+01   2.090397E+00   2.422041E+00   2.150000E+15   2.078560E+00
      43   1.028953E+01   2.084464E+00   2.412788E+00   2.200000E+15   2.072435E+00
      44   1.021902E+01   2.078201E+00   2.402991E+00   2.250000E+15   2.065986E+00
      45   1.015152E+01   2.071661E+00   2.392733E+00   2.300000E+15   2.059264E+00
      46   1.008701E+01   2.064883E+00   2.382075E+00   2.350000E+15   2.052310E+00
      47   1.002250E+01   2.057894E+00   2.371061E+00   2.400000E+15   2.045150E+00
      48   9.960996E+00   2.050736E+00   2.359755E+00   2.450000E+15   2.037825E+00
      49   9.900990E+00   2.043433E+00   2.348197E+00   2.500000E+15   2.030359E+00
      50   9.842484E+00   2.036010E+00   2.336429E+00   2.550000E+15   2.022778E+00
