       1   1.058506E+01   1.141531E-01   1.151287E-01   1.000000E+14   1.141363E-01
       2   1.157366E+01   2.229362E-01   2.263849E-01   1.500000E+14   2.228870E-01
       3   1.223222E+01   3.503140E-01   3.584753E-01   2.000000E+14   3.502111E-01
       4   1.268677E+01   4.881049E-01   5.035774E-01   2.500000E+14   4.879259E-01
       5   1.300030E+01   6.299808E-01   6.554495E-01   3.000000E+14   6.297038E-01
       6   1.321182E+01   7.711829E-01   8.091948E-01   3.500000E+14   7.707877E-01
       7   1.334533E+01   9.082548E-01   9.610567E-01   4.000000E+14   9.077235E-01
       8   1.342034E+01   1.038821E+00   1.108259E+00   4.500000E+14   1.038138E+00
       9   1.344884E+01   1.161345E+00   1.248818E+00   5.000000E+14   1.160498E+00
      10   1.344134E+01   1.274954E+00   1.381405E+00   5.500000E+14   1.273933E+00
      11   1.340684E+01   1.379270E+00   1.505211E+00   6.000000E+14   1.378066E+00
      12   1.334984E+01   1.474260E+00   1.619816E+00   6.500000E+14   1.472869E+00
      13   1.327483E+01   1.560150E+00   1.725103E+00   7.000000E+14   1.558568E+00
      14   1.318932E+01   1.637347E+00   1.821201E+00   7.500000E+14   1.635572E+00
      15   1.309181E+01   1.706332E+00   1.908360E+00   8.000000E+14   1.704364E+00
      16   1.298830E+01   1.767676E+00   1.986975E+00   8.500000E+14   1.765514E+00
      17   1.287879E+01   1.821953E+00   2.057490E+00   9.000000E+14   1.819600E+00
      18   1.276478E+01   1.869746E+00   2.120395E+00   9.500000E+14   1.867204E+00
      19   1.264927E+01   1.911628E+00   2.176212E+00   1.000000E+15   1.908899E+00
      20   1.253225E+01   1.948137E+00   2.225448E+00   1.050000E+15   1.945226E+00
      21   1.241524E+01   1.979786E+00   2.268615E+00   1.100000E+15   1.976696E+00
      22   1.229823E+01   2.007046E+00   2.306196E+00   1.150000E+15   2.003781E+00
      23   1.218272E+01   2.030359E+00   2.338664E+00   1.200000E+15   2.026923E+00
      24   1.206871E+01   2.050122E+00   2.366456E+00   1.250000E+15   2.046520E+00
      25   1.195470E+01   2.066697E+00   2.389979E+00   1.300000E+15   2.062933E+00
      26   1.184368E+01   2.080424E+00   2.409629E+00   1.350000E+15   2.076502E+00
      27   1.173417E+01   2.091597E+00   2.425756E+00   1.400000E+15   2.087523E+00
      28   1.162766E+01   2.100493E+00   2.438696E+00   1.450000E+15   2.096270E+00
      29   1.152265E+01   2.107351E+00   2.448746E+00   1.500000E+15   2.102984E+00
      30   1.142064E+01   2.112395E+00   2.456190E+00   1.550000E+15   2.107889E+00
      31   1.132013E+01   2.115820E+00   2.461278E+00   1.600000E+15   2.111178E+00
      32   1.122262E+01   2.117806E+00   2.464250E+00   1.650000E+15   2.113032E+00
      33   1.112811E+01   2.118514E+00   2.465319E+00   1.700000E+15   2.113613E+00
      34   1.103510E+01   2.118082E+00   2.464672E+00   1.750000E+15   2.113056E+00
      35   1.094659E+01   2.116647E+00   2.462500E+00   1.800000E+15   2.111502E+00
      36   1.085809E+01   2.114312E+00   2.458946E+00   1.850000E+15   2.109050E+00
      37   1.077258E+01   2.111188E+00   2.454167E+00   1.900000E+15   2.105813E+00
      38   1.069007E+01   2.107368E+00   2.448299E+00   1.950000E+15   2.101884E+00
      39   1.061056E+01   2.102936E+00   2.441462E+00   2.000000E+15   2.097346E+00
      40   1.053105E+01   2.097958E+00   2.433754E+00   2.050000E+15   2.092264E+00
      41   1.045605E+01   2.092512E+00   2.425294E+00   2.100000E+15   2.086719E+00
      42   1.038254E+01   2.086652E+00   2.416158E+00   2.150000E+15   2.080761E+00
      43   1.031053E+01   2.080431E+00   2.406432E+00   2.200000E+15   2.074445E+00
      44   1.024002E+01   2.073897E+00   2.396188E+00   2.250000E+15   2.067819E+00
      45   1.017252E+01   2.067097E+00   2.385501E+00   2.300000E+15   2.060931E+00
      46   1.010651E+01   2.060068E+00   2.374425E+00   2.350000E+15   2.053815E+00
      47   1.004350E+01   2.052847E+00   2.363023E+00   2.400000E+15   2.046510E+00
      48   9.980498E+00   2.045459E+00   2.351333E+00   2.450000E+15   2.039040E+00
      49   9.920492E+00   2.037940E+00   2.339412E+00   2.500000E+15   2.031441E+00
      50   9.861986E+00   2.030310E+00   2.327296E+00   2.550000E+15   2.023734E+00
