       1   1.069157E+01   1.169389E-01   1.179600E-01   1.000000E+14   1.169303E-01
       2   1.166667E+01   2.271898E-01   2.307649E-01   1.500000E+14   2.271648E-01
       3   1.231473E+01   3.558370E-01   3.642478E-01   2.000000E+14   3.557849E-01
       4   1.276028E+01   4.946475E-01   5.105266E-01   2.500000E+14   4.945570E-01
       5   1.306631E+01   6.372851E-01   6.633400E-01   3.000000E+14   6.371452E-01
       6   1.327183E+01   7.790056E-01   8.177935E-01   3.500000E+14   7.788063E-01
       7   1.340084E+01   9.163797E-01   9.701457E-01   4.000000E+14   9.161120E-01
       8   1.346985E+01   1.047053E+00   1.117631E+00   4.500000E+14   1.046709E+00
       9   1.349385E+01   1.169533E+00   1.258303E+00   5.000000E+14   1.169107E+00
      10   1.348335E+01   1.282979E+00   1.390861E+00   5.500000E+14   1.282466E+00
      11   1.344584E+01   1.387033E+00   1.514515E+00   6.000000E+14   1.386429E+00
      12   1.338584E+01   1.481690E+00   1.628865E+00   6.500000E+14   1.480992E+00
      13   1.330933E+01   1.567199E+00   1.733825E+00   7.000000E+14   1.566405E+00
      14   1.321932E+01   1.643968E+00   1.829519E+00   7.500000E+14   1.643078E+00
      15   1.312031E+01   1.712514E+00   1.916240E+00   8.000000E+14   1.711528E+00
      16   1.301530E+01   1.773408E+00   1.994385E+00   8.500000E+14   1.772325E+00
      17   1.290429E+01   1.827231E+00   2.064405E+00   9.000000E+14   1.826052E+00
      18   1.278878E+01   1.874573E+00   2.126801E+00   9.500000E+14   1.873300E+00
      19   1.267177E+01   1.916012E+00   2.182101E+00   1.000000E+15   1.914646E+00
      20   1.255476E+01   1.952095E+00   2.230827E+00   1.050000E+15   1.950638E+00
      21   1.243624E+01   1.983325E+00   2.273478E+00   1.100000E+15   1.981779E+00
      22   1.231773E+01   2.010182E+00   2.310551E+00   1.150000E+15   2.008549E+00
      23   1.220072E+01   2.033107E+00   2.342520E+00   1.200000E+15   2.031389E+00
      24   1.208521E+01   2.052500E+00   2.369824E+00   1.250000E+15   2.050699E+00
      25   1.197120E+01   2.068726E+00   2.392878E+00   1.300000E+15   2.066844E+00
      26   1.186019E+01   2.082120E+00   2.412073E+00   1.350000E+15   2.080160E+00
      27   1.174918E+01   2.092972E+00   2.427754E+00   1.400000E+15   2.090936E+00
      28   1.164266E+01   2.101567E+00   2.440269E+00   1.450000E+15   2.099458E+00
      29   1.153615E+01   2.108135E+00   2.449902E+00   1.500000E+15   2.105954E+00
      30   1.143414E+01   2.112909E+00   2.456953E+00   1.550000E+15   2.110658E+00
      31   1.133363E+01   2.116076E+00   2.461661E+00   1.600000E+15   2.113757E+00
      32   1.123612E+01   2.117818E+00   2.464269E+00   1.650000E+15   2.115434E+00
      33   1.114011E+01   2.118289E+00   2.464980E+00   1.700000E+15   2.115842E+00
      34   1.104860E+01   2.117642E+00   2.464005E+00   1.750000E+15   2.115133E+00
      35   1.095860E+01   2.115993E+00   2.461504E+00   1.800000E+15   2.113425E+00
      36   1.087009E+01   2.113460E+00   2.457641E+00   1.850000E+15   2.110834E+00
      37   1.078458E+01   2.110148E+00   2.452567E+00   1.900000E+15   2.107466E+00
      38   1.070207E+01   2.106149E+00   2.446415E+00   1.950000E+15   2.103413E+00
      39   1.062106E+01   2.101543E+00   2.439300E+00   2.000000E+15   2.098753E+00
      40   1.054305E+01   2.096406E+00   2.431338E+00   2.050000E+15   2.093566E+00
      41   1.046655E+01   2.090803E+00   2.422622E+00   2.100000E+15   2.087912E+00
      42   1.039304E+01   2.084795E+00   2.413248E+00   2.150000E+15   2.081857E+00
      43   1.032103E+01   2.078434E+00   2.403293E+00   2.200000E+15   2.075449E+00
      44   1.025053E+01   2.071767E+00   2.392830E+00   2.250000E+15   2.068736E+00
      45   1.018302E+01   2.064840E+00   2.381932E+00   2.300000E+15   2.061765E+00
      46   1.011701E+01   2.057689E+00   2.370656E+00   2.350000E+15   2.054571E+00
      47   1.005251E+01   2.050349E+00   2.359055E+00   2.400000E+15   2.047189E+00
      48   9.990999E+00   2.042854E+00   2.347186E+00   2.450000E+15   2.039653E+00
      49   9.929493E+00   2.035225E+00   2.335083E+00   2.500000E+15   2.031985E+00
      50   9.870987E+00   2.027494E+00   2.322797E+00   2.550000E+15   2.024215E+00
